0.049	0.161
0.059	0.083
0.049	0.093
0.059	0.049
0.059	0.049
0.063	0.020
0.063	0.039
0.068	0.005
0.068	0.020
0.078	0.005
0.078	0.015
0.078	-0.005
0.078	0.010
0.088	-0.005
0.088	0.000
0.088	-0.010
0.088	0.000
0.098	-0.015
0.098	0.000
0.098	-0.015
0.103	0.000
0.107	-0.010
0.107	0.000
0.117	-0.020
0.117	0.000
0.117	-0.015
0.117	-0.005
0.122	-0.020
0.122	0.000
0.127	-0.020
0.127	-0.010
0.132	-0.020
0.137	-0.010
0.137	-0.020
0.137	0.000
0.142	-0.020
0.142	-0.010
0.146	-0.020
0.146	-0.010
0.156	-0.024
0.156	-0.010
0.161	-0.020
0.161	-0.015
0.166	-0.020
0.161	-0.010
0.166	-0.024
0.171	-0.010
0.176	-0.020
0.176	-0.015
0.181	-0.024
0.181	-0.010
0.186	-0.024
0.186	-0.010
0.190	-0.020
0.190	-0.010
0.195	-0.024
0.195	-0.010
0.200	-0.020
0.200	-0.015
0.205	-0.020
0.205	-0.010
0.210	-0.024
0.210	-0.010
0.215	-0.024
0.215	-0.015
0.220	-0.020
0.220	-0.010
0.229	-0.024
0.225	-0.010
0.234	-0.020
0.234	-0.015
0.239	-0.024
0.234	-0.010
0.244	-0.024
0.239	-0.010
0.244	-0.020
0.244	-0.010
0.254	-0.024
0.254	-0.010
0.259	-0.020
0.254	-0.010
0.264	-0.020
0.264	-0.010
0.273	-0.024
0.273	-0.010
0.273	-0.020
0.273	-0.010
0.278	-0.020
0.278	-0.010
0.283	-0.020
0.283	-0.010
0.288	-0.020
0.288	-0.010
0.293	-0.024
0.293	-0.005
0.303	-0.024
0.298	-0.010
0.303	-0.020
0.308	-0.010
0.313	-0.020
0.313	0.000
0.313	-0.020
0.317	-0.010
0.322	-0.020
0.322	-0.010
0.327	-0.020
0.327	0.000
0.332	-0.020
0.332	-0.010
0.337	-0.020
0.337	-0.010
0.337	-0.020
0.342	-0.010
0.352	-0.020
0.347	-0.010
0.352	-0.020
0.352	0.000
0.361	-0.024
0.352	-0.010
0.361	-0.020
0.361	-0.010
0.366	-0.020
0.366	0.000
0.371	-0.020
0.371	0.000
0.376	-0.020
0.381	-0.010
0.381	-0.020
0.381	0.000
0.391	-0.020
0.391	0.000
0.391	-0.020
0.391	0.000
0.396	-0.020
0.396	0.000
0.405	-0.020
0.400	0.000
0.410	-0.015
0.410	0.000
0.410	-0.020
0.415	0.000
0.420	-0.020
0.415	-0.005
0.420	-0.020
0.425	0.000
0.430	-0.020
0.430	0.000
0.435	-0.020
0.435	-0.010
0.439	-0.020
0.439	0.000
0.444	-0.020
0.444	0.000
0.449	-0.020
0.449	0.000
0.454	-0.020
0.454	0.000
0.459	-0.020
0.459	0.000
0.469	-0.015
0.469	0.000
0.469	-0.020
0.469	0.000
0.479	-0.020
0.474	0.000
0.483	-0.015
0.479	0.000
0.488	-0.020
0.483	0.000
0.488	-0.020
0.488	0.000
0.498	-0.015
0.498	0.000
0.498	-0.020
0.503	0.000
0.508	-0.020
0.508	0.000
0.513	-0.015
0.513	0.000
0.513	-0.020
0.518	0.000
0.522	-0.020
0.522	0.000
0.527	-0.015
0.527	0.000
0.532	-0.020
0.532	0.000
0.537	-0.015
0.537	0.000
0.547	-0.015
0.547	0.000
0.547	-0.020
0.547	0.000
0.552	-0.010
0.557	0.000
0.557	-0.015
0.557	0.000
0.566	-0.015
0.562	0.000
0.571	-0.015
0.566	0.000
0.576	-0.020
0.571	0.000
0.586	-0.015
0.576	0.000
0.586	-0.010
0.586	0.000
0.591	-0.015
0.586	0.000
0.596	-0.015
0.596	0.000
0.596	-0.015
0.601	0.000
0.605	-0.020
0.605	0.000
0.610	-0.015
0.610	0.000
0.615	-0.015
0.615	0.000
0.625	-0.015
0.625	0.000
0.625	-0.015
0.625	0.000
0.630	-0.015
0.630	0.005
0.635	-0.015
0.635	0.000
0.640	-0.010
0.640	0.000
0.645	-0.015
0.645	0.005
0.654	-0.015
0.654	0.000
0.654	-0.010
0.659	0.000
0.664	-0.015
0.664	0.005
0.664	-0.010
0.664	0.000
0.674	-0.010
0.669	0.005
0.679	-0.015
0.679	0.005
0.684	-0.010
0.684	0.000
0.688	-0.015
0.688	0.005
0.693	-0.015
0.693	0.005
0.698	-0.010
0.703	0.000
0.703	-0.010
0.703	0.005
0.708	-0.010
0.708	0.000
0.713	-0.010
0.713	0.005
0.718	-0.015
0.718	0.005
0.723	-0.010
0.723	0.000
0.732	-0.010
0.728	0.010
0.732	-0.015
0.732	0.005
0.742	-0.010
0.742	0.000
0.742	-0.010
0.742	0.010
0.747	-0.010
0.752	0.005
0.752	-0.010
0.757	0.005
0.762	-0.010
0.757	0.005
0.762	-0.010
0.762	0.005
0.767	-0.010
0.772	0.010
0.781	-0.015
0.776	0.010
0.781	-0.005
0.781	0.005
0.786	-0.010
0.781	0.010
0.791	-0.010
0.791	0.005
0.796	-0.005
0.796	0.010
0.801	-0.010
0.801	0.010
0.806	-0.010
0.806	0.005
0.811	-0.010
0.811	0.010
0.820	-0.010
0.820	0.010
0.820	-0.005
0.820	0.010
0.825	-0.010
0.825	0.015
0.835	-0.010
0.835	0.010
0.840	-0.005
0.840	0.010
0.840	-0.010
0.840	0.010
0.850	-0.005
0.850	0.010
0.850	-0.005
0.855	0.015
0.859	-0.010
0.859	0.010
0.864	0.000
0.864	0.010
0.869	-0.010
0.864	0.015
0.874	-0.010
0.874	0.010
0.879	-0.005
0.879	0.015
0.884	-0.010
0.884	0.010
0.889	0.000
0.889	0.010
0.894	-0.005
0.898	0.020
0.898	-0.005
0.898	0.010
0.903	0.000
0.903	0.015
0.908	-0.005
0.908	0.015
0.918	0.000
0.918	0.010
0.923	-0.005
0.918	0.020
0.928	-0.005
0.923	0.015
0.928	0.000
0.928	0.015
0.938	-0.005
0.938	0.020
0.942	0.000
0.938	0.015
0.947	0.000
0.942	0.020
0.947	-0.005
0.947	0.015
0.957	0.000
0.957	0.015
0.962	0.000
0.962	0.020
0.967	-0.005
0.967	0.015
0.972	0.000
0.972	0.020
0.977	-0.005
0.977	0.020
0.981	0.000
0.981	0.015
0.986	0.000
0.986	0.020
0.991	0.000
0.991	0.020
0.996	0.000
0.996	0.020
1.001	0.000
1.001	0.020
1.006	0.000
1.006	0.020
1.016	0.000
1.016	0.020
1.016	0.000
1.016	0.020
1.025	0.000
1.021	0.020
1.025	0.000
1.025	0.020
1.035	0.000
1.035	0.020
1.035	0.000
1.035	0.024
1.045	0.000
1.045	0.020
1.045	0.000
1.055	0.020
1.055	0.000
1.055	0.024
1.060	0.000
1.060	0.020
1.064	0.000
1.064	0.024
1.069	0.000
1.069	0.020
1.074	0.005
1.074	0.020
1.079	0.000
1.079	0.024
1.084	0.000
1.084	0.020
1.094	0.000
1.094	0.024
1.094	0.000
1.094	0.024
1.099	0.005
1.099	0.020
1.104	0.000
1.104	0.029
1.113	0.000
1.108	0.024
1.113	0.000
1.113	0.024
1.123	0.000
1.118	0.024
1.128	0.000
1.123	0.020
1.133	0.000
1.133	0.024
1.138	0.000
1.138	0.024
1.143	0.005
1.143	0.024
1.143	0.000
1.147	0.024
1.152	0.005
1.152	0.024
1.157	0.005
1.157	0.029
1.162	0.000
1.157	0.024
1.167	0.005
1.172	0.029
1.172	0.000
1.172	0.029
1.177	0.000
1.177	0.024
1.182	0.005
1.182	0.029
1.191	0.000
1.187	0.029
1.191	0.005
1.191	0.029
1.196	0.000
1.196	0.029
1.201	0.000
1.201	0.029
1.211	0.005
1.211	0.029
1.216	0.005
1.211	0.029
1.221	0.005
1.221	0.024
1.226	0.005
1.226	0.034
1.231	0.000
1.231	0.029
1.235	0.005
1.231	0.029
1.240	0.000
1.240	0.034
1.250	0.005
1.250	0.029
1.250	0.005
1.250	0.034
1.255	0.000
1.250	0.034
1.260	0.010
1.260	0.029
1.265	0.005
1.265	0.039
1.270	0.005
1.270	0.034
1.274	0.010
1.274	0.039
1.279	0.005
1.279	0.039
1.289	0.010
1.289	0.029
1.289	0.010
1.289	0.039
1.294	0.005
1.294	0.034
1.299	0.010
1.299	0.039
1.304	0.005
1.309	0.039
1.309	0.010
1.309	0.029
1.318	0.010
1.318	0.039
1.318	0.005
1.323	0.039
1.328	0.010
1.328	0.034
1.328	0.010
1.328	0.039
1.338	0.005
1.338	0.039
1.343	0.010
1.338	0.039
1.348	0.010
1.348	0.039
1.353	0.010
1.348	0.034
1.357	0.010
1.357	0.039
1.367	0.005
1.367	0.039
1.367	0.010
1.367	0.039
1.377	0.010
1.372	0.044
1.377	0.010
1.372	0.039
1.382	0.010
1.382	0.039
1.387	0.010
1.387	0.044
1.397	0.015
1.392	0.039
1.397	0.010
1.397	0.044
1.406	0.010
1.406	0.039
1.411	0.015
1.406	0.039
1.411	0.010
1.416	0.044
1.416	0.010
1.421	0.039
1.426	0.015
1.426	0.039
1.431	0.010
1.431	0.044
1.436	0.015
1.436	0.039
1.440	0.015
1.440	0.044
1.445	0.010
1.445	0.044
1.450	0.020
1.450	0.039
1.455	0.015
1.455	0.049
1.460	0.015
1.460	0.044
1.465	0.020
1.465	0.044
1.470	0.015
1.470	0.044
1.475	0.015
1.475	0.039
1.484	0.015
1.484	0.049
1.484	0.015
1.484	0.044
1.489	0.020
1.489	0.044
1.494	0.015
1.494	0.049
1.504	0.015
1.504	0.044
1.509	0.020
1.509	0.049
1.514	0.015
1.514	0.049
1.519	0.020
1.519	0.044
1.523	0.020
1.523	0.049
1.528	0.015
1.528	0.049
1.533	0.020
1.533	0.049
1.538	0.020
1.538	0.049
1.543	0.020
1.543	0.049
1.548	0.020
1.548	0.049
1.553	0.020
1.553	0.054
1.563	0.020
1.563	0.049
1.563	0.020
1.563	0.054
1.567	0.020
1.563	0.054
1.572	0.020
1.572	0.049
1.582	0.020
1.577	0.054
1.582	0.020
1.582	0.049
1.587	0.020
1.587	0.054
1.592	0.020
1.592	0.059
1.602	0.020
1.602	0.054
1.606	0.020
1.602	0.059
1.611	0.020
1.606	0.054
1.616	0.024
1.611	0.054
1.621	0.020
1.616	0.059
1.626	0.020
1.621	0.059
1.631	0.024
1.631	0.059
1.636	0.020
1.641	0.059
1.641	0.020
1.641	0.059
1.646	0.024
1.646	0.059
1.650	0.020
1.650	0.059
1.655	0.024
1.655	0.059
1.660	0.024
1.660	0.063
1.665	0.020
1.665	0.059
1.675	0.024
1.670	0.059
1.680	0.024
1.680	0.063
1.680	0.024
1.680	0.059
1.685	0.029
1.690	0.059
1.694	0.024
1.690	0.063
1.699	0.024
1.694	0.059
1.704	0.029
1.699	0.063
1.704	0.020
1.704	0.063
1.714	0.024
1.714	0.063
1.719	0.029
1.719	0.068
1.724	0.024
1.724	0.063
1.729	0.029
1.729	0.063
1.733	0.029
1.729	0.068
1.738	0.029
1.738	0.068
1.743	0.029
1.743	0.063
1.748	0.024
1.748	0.068
1.758	0.029
1.758	0.063
1.758	0.029
1.758	0.068
1.768	0.024
1.763	0.068
1.768	0.029
1.768	0.068
1.773	0.034
1.773	0.073
1.777	0.029
1.777	0.068
1.787	0.029
1.782	0.068
1.792	0.029
1.787	0.073
1.797	0.029
1.797	0.073
1.797	0.029
1.797	0.068
1.802	0.029
1.802	0.073
1.812	0.034
1.807	0.068
1.816	0.034
1.816	0.073
1.821	0.029
1.816	0.073
1.826	0.034
1.826	0.073
1.831	0.034
1.831	0.073
1.836	0.029
1.836	0.078
1.841	0.034
1.841	0.073
1.846	0.034
1.846	0.078
1.856	0.034
1.851	0.078
1.856	0.034
1.856	0.078
1.860	0.034
1.860	0.078
1.875	0.034
1.865	0.073
1.875	0.039
1.875	0.078
1.875	0.034
1.875	0.078
1.885	0.034
1.880	0.073
1.885	0.039
1.885	0.078
1.895	0.034
1.890	0.078
1.895	0.039
1.895	0.078
1.899	0.039
1.899	0.083
1.904	0.034
1.904	0.083
1.914	0.039
1.914	0.078
1.919	0.034
1.919	0.083
1.924	0.034
1.924	0.083
1.924	0.039
1.924	0.083
1.934	0.039
1.929	0.088
1.939	0.039
1.934	0.078
1.943	0.039
1.943	0.088
1.953	0.034
1.953	0.088
1.953	0.039
1.953	0.083
1.958	0.039
1.958	0.088
1.963	0.039
1.963	0.088
1.973	0.039
1.968	0.083
1.973	0.039
1.973	0.088
1.982	0.039
1.978	0.088
1.982	0.044
1.982	0.088
1.992	0.039
1.992	0.093
1.992	0.039
1.992	0.088
1.997	0.044
1.997	0.088
2.007	0.039
2.007	0.093
2.012	0.044
2.012	0.088
2.012	0.044
2.017	0.093
2.022	0.039
2.022	0.093
2.031	0.044
2.026	0.088
2.031	0.044
2.031	0.093
2.036	0.044
2.036	0.088
2.041	0.044
2.036	0.088
2.046	0.044
2.041	0.098
2.051	0.044
2.051	0.093
2.056	0.044
2.056	0.088
2.061	0.039
2.061	0.098
2.070	0.044
2.070	0.088
2.070	0.049
2.070	0.098
2.075	0.044
2.075	0.098
2.080	0.049
2.080	0.088
2.090	0.044
2.085	0.098
2.095	0.044
2.090	0.098
2.100	0.049
2.095	0.098
2.100	0.044
2.100	0.098
2.109	0.044
2.109	0.098
2.109	0.049
2.114	0.098
2.119	0.044
2.119	0.098
2.124	0.044
2.124	0.098
2.129	0.049
2.129	0.098
2.134	0.044
2.134	0.098
2.139	0.044
2.139	0.098
2.149	0.049
2.149	0.098
2.149	0.049
2.149	0.103
2.153	0.044
2.153	0.098
2.158	0.049
2.158	0.098
2.163	0.044
2.163	0.103
2.168	0.049
2.168	0.098
2.173	0.049
2.173	0.103
2.183	0.044
2.178	0.103
2.188	0.049
2.188	0.098
2.188	0.049
2.188	0.103
2.197	0.049
2.192	0.103
2.197	0.054
2.197	0.098
2.202	0.049
2.202	0.103
2.207	0.049
2.207	0.103
2.217	0.049
2.217	0.103
2.222	0.049
2.227	0.103
2.227	0.049
2.227	0.098
2.232	0.049
2.232	0.103
2.236	0.049
2.236	0.107
2.241	0.049
2.241	0.098
2.246	0.054
2.246	0.107
2.251	0.049
2.251	0.107
2.256	0.054
2.256	0.103
2.266	0.049
2.266	0.107
2.266	0.049
2.266	0.107
2.271	0.054
2.271	0.103
2.275	0.049
2.275	0.107
2.280	0.049
2.280	0.107
2.285	0.054
2.290	0.103
2.295	0.054
2.290	0.107
2.295	0.049
2.295	0.107
2.305	0.059
2.305	0.107
2.305	0.054
2.305	0.107
2.315	0.049
2.310	0.107
2.315	0.054
2.319	0.107
2.324	0.054
2.324	0.107
2.329	0.054
2.324	0.103
2.334	0.054
2.334	0.107
2.344	0.049
2.334	0.107
2.344	0.054
2.344	0.107
2.349	0.054
2.349	0.112
2.354	0.049
2.354	0.112
2.358	0.059
2.363	0.107
2.363	0.054
2.363	0.107
2.368	0.054
2.368	0.107
2.373	0.059
2.373	0.107
2.378	0.059
2.383	0.117
2.388	0.054
2.383	0.112
2.388	0.059
2.388	0.107
2.393	0.054
2.393	0.117
2.402	0.054
2.398	0.107
2.402	0.059
2.402	0.112
2.407	0.054
2.407	0.112
2.417	0.054
2.422	0.112
2.422	0.059
2.422	0.117
2.427	0.054
2.427	0.117
2.427	0.059
2.427	0.107
2.432	0.059
2.432	0.117
2.441	0.054
2.441	0.117
2.441	0.059
2.446	0.112
2.451	0.059
2.451	0.117
2.456	0.054
2.451	0.117
2.461	0.059
2.461	0.112
2.466	0.059
2.461	0.117
2.471	0.054
2.471	0.117
2.476	0.059
2.476	0.117
2.481	0.059
2.481	0.117
2.485	0.059
2.490	0.117
2.500	0.059
2.490	0.117
2.500	0.059
2.500	0.117
2.500	0.059
2.500	0.117
2.505	0.059
2.510	0.122
2.510	0.059
2.510	0.117
2.515	0.063
2.520	0.117
2.520	0.059
2.520	0.122
2.524	0.059
2.524	0.117
2.529	0.063
2.529	0.122
2.539	0.059
2.539	0.122
2.544	0.059
2.544	0.122
2.549	0.063
2.549	0.127
2.554	0.059
2.554	0.127
2.559	0.068
2.559	0.127
2.559	0.068
2.564	0.132
2.568	0.063
2.568	0.137
2.578	0.078
2.578	0.132
2.578	0.078
2.578	0.142
2.583	0.078
2.583	0.137
2.588	0.078
2.588	0.137
2.593	0.078
2.593	0.146
2.598	0.078
2.598	0.142
2.608	0.078
2.603	0.156
2.608	0.078
2.608	0.156
2.617	0.083
2.617	0.156
2.617	0.083
2.617	0.156
2.622	0.083
2.622	0.156
2.632	0.093
2.632	0.156
2.637	0.093
2.637	0.166
2.642	0.093
2.642	0.161
2.647	0.098
2.647	0.166
2.656	0.098
2.651	0.176
2.656	0.103
2.656	0.171
2.661	0.107
2.661	0.176
2.666	0.103
2.666	0.181
2.671	0.112
2.671	0.181
2.676	0.107
2.676	0.186
2.681	0.112
2.681	0.186
2.686	0.117
2.686	0.195
2.686	0.117
2.695	0.195
2.695	0.122
2.695	0.195
2.700	0.122
2.700	0.205
2.705	0.122
2.705	0.205
2.715	0.132
2.710	0.205
2.720	0.137
2.715	0.215
2.725	0.137
2.720	0.215
2.725	0.142
2.725	0.220
2.734	0.142
2.734	0.225
2.734	0.146
2.739	0.225
2.744	0.146
2.744	0.234
2.749	0.151
2.749	0.234
2.754	0.156
2.754	0.239
2.759	0.161
2.754	0.244
2.764	0.161
2.759	0.244
2.769	0.171
2.769	0.254
2.774	0.171
2.774	0.259
2.778	0.176
2.778	0.259
2.783	0.181
2.783	0.269
2.788	0.181
2.788	0.273
2.793	0.190
2.793	0.273
2.798	0.195
2.798	0.283
2.803	0.200
2.803	0.283
2.813	0.205
2.813	0.293
2.813	0.205
2.813	0.298
2.817	0.215
2.817	0.298
2.822	0.220
2.822	0.313
2.832	0.220
2.827	0.313
2.832	0.234
2.832	0.317
2.837	0.234
2.837	0.322
2.842	0.239
2.847	0.327
2.852	0.244
2.852	0.337
2.852	0.244
2.852	0.342
2.861	0.259
2.857	0.342
2.866	0.259
2.861	0.352
2.871	0.264
2.871	0.356
2.876	0.273
2.876	0.366
2.881	0.273
2.881	0.371
2.886	0.283
2.891	0.371
2.891	0.293
2.891	0.381
2.896	0.293
2.896	0.386
2.896	0.308
2.900	0.391
2.905	0.313
2.905	0.400
2.910	0.313
2.910	0.405
2.915	0.322
2.915	0.415
2.920	0.322
2.920	0.420
2.930	0.337
2.930	0.420
2.930	0.337
2.930	0.435
2.935	0.342
2.935	0.439
2.944	0.352
2.940	0.449
2.949	0.356
2.944	0.454
2.949	0.366
2.949	0.454
2.954	0.371
2.959	0.469
2.964	0.376
2.959	0.474
2.969	0.391
2.969	0.479
2.974	0.391
2.974	0.488
2.979	0.400
2.974	0.493
2.979	0.410
2.979	0.508
2.988	0.410
2.988	0.513
2.993	0.420
2.993	0.518
2.998	0.430
2.998	0.527
3.008	0.435
3.008	0.532
3.008	0.449
3.008	0.537
3.013	0.449
3.013	0.547
3.018	0.459
3.018	0.552
3.023	0.469
3.023	0.566
3.027	0.474
3.027	0.571
3.032	0.488
3.032	0.586
3.037	0.493
3.037	0.591
3.047	0.498
3.047	0.596
3.047	0.508
3.047	0.605
3.057	0.513
3.052	0.615
3.057	0.527
3.057	0.625
3.066	0.532
3.066	0.635
3.071	0.547
3.071	0.640
3.076	0.552
3.076	0.649
3.076	0.557
3.076	0.664
3.086	0.566
3.086	0.664
3.091	0.576
3.091	0.679
3.096	0.581
3.091	0.684
3.101	0.596
3.101	0.693
3.106	0.605
3.101	0.703
3.110	0.610
3.110	0.708
3.115	0.625
3.115	0.723
3.125	0.630
3.125	0.732
3.125	0.645
3.125	0.742
3.130	0.649
3.135	0.752
3.135	0.659
3.135	0.762
3.145	0.669
3.140	0.772
3.145	0.684
3.145	0.786
3.150	0.688
3.150	0.791
3.154	0.703
3.154	0.801
3.164	0.708
3.164	0.815
3.169	0.723
3.164	0.820
3.169	0.732
3.169	0.840
3.174	0.737
3.174	0.845
3.179	0.752
3.184	0.855
3.189	0.762
3.189	0.869
3.193	0.772
3.193	0.874
3.203	0.786
3.193	0.889
3.203	0.791
3.203	0.898
3.203	0.806
3.203	0.908
3.213	0.815
3.213	0.928
3.218	0.830
3.218	0.933
3.223	0.840
3.223	0.942
3.228	0.850
3.228	0.957
3.233	0.864
3.233	0.962
3.237	0.879
3.242	0.981
3.242	0.884
3.242	0.991
3.247	0.898
3.247	1.001
3.247	0.908
3.252	1.016
3.262	0.918
3.262	1.025
3.262	0.938
3.262	1.040
3.272	0.942
3.267	1.055
3.272	0.957
3.272	1.060
3.281	0.967
3.276	1.079
3.281	0.981
3.281	1.094
3.286	0.996
3.286	1.099
3.291	1.001
3.291	1.113
3.301	1.016
3.301	1.123
3.306	1.030
3.301	1.143
3.311	1.040
3.311	1.152
3.311	1.055
3.316	1.162
3.320	1.069
3.320	1.182
3.325	1.079
3.325	1.191
3.330	1.099
3.330	1.201
3.335	1.104
3.335	1.216
3.340	1.123
3.340	1.226
3.345	1.133
3.345	1.250
3.350	1.143
3.345	1.255
3.355	1.172
3.359	1.270
3.359	1.172
3.359	1.289
3.364	1.191
3.369	1.294
3.369	1.206
3.369	1.314
3.379	1.211
3.374	1.323
3.379	1.231
3.379	1.333
3.384	1.240
3.384	1.353
3.389	1.250
3.389	1.367
3.399	1.270
3.399	1.377
3.399	1.279
3.399	1.397
3.408	1.299
3.403	1.406
3.413	1.309
3.413	1.426
3.418	1.328
3.418	1.436
3.423	1.343
3.418	1.445
3.423	1.353
3.423	1.465
3.438	1.367
3.438	1.475
3.438	1.387
3.438	1.494
3.438	1.392
3.438	1.509
3.447	1.411
3.447	1.523
3.447	1.426
3.452	1.543
3.457	1.436
3.457	1.548
3.462	1.455
3.462	1.563
3.467	1.465
3.467	1.582
3.477	1.484
3.477	1.592
3.477	1.494
3.477	1.611
3.482	1.504
3.477	1.621
3.486	1.523
3.486	1.636
3.491	1.538
3.491	1.650
3.501	1.553
3.496	1.660
3.501	1.567
3.501	1.680
3.516	1.577
3.506	1.690
3.516	1.597
3.516	1.704
3.516	1.606
3.516	1.724
3.521	1.616
3.521	1.733
3.525	1.641
3.525	1.748
3.535	1.646
3.530	1.763
3.535	1.660
3.540	1.773
3.545	1.675
3.545	1.787
3.550	1.680
3.545	1.797
3.555	1.699
3.555	1.807
3.555	1.709
3.555	1.821
3.565	1.719
3.565	1.836
3.569	1.729
3.569	1.836
3.574	1.733
3.574	1.851
3.579	1.743
3.574	1.856
3.584	1.753
3.584	1.865
3.594	1.758
3.589	1.875
3.594	1.768
3.594	1.875
3.599	1.773
3.599	1.885
3.604	1.773
3.604	1.885
3.609	1.782
3.609	1.885
3.613	1.782
3.613	1.895
3.623	1.782
3.618	1.895
3.623	1.787
3.623	1.895
3.633	1.782
3.633	1.895
3.633	1.797
3.633	1.895
3.638	1.787
3.638	1.899
3.643	1.787
3.643	1.895
3.652	1.797
3.652	1.899
3.657	1.797
3.657	1.899
3.662	1.797
3.662	1.899
3.662	1.797
3.662	1.904
3.672	1.797
3.672	1.904
3.677	1.802
3.677	1.904
3.677	1.802
3.682	1.909
3.687	1.802
3.687	1.909
3.692	1.807
3.692	1.909
3.696	1.802
3.696	1.914
3.701	1.807
3.701	1.909
3.706	1.807
3.711	1.914
3.711	1.802
3.711	1.914
3.716	1.807
3.716	1.914
3.721	1.807
3.721	1.914
3.726	1.802
3.726	1.909
3.731	1.807
3.731	1.904
3.735	1.797
3.735	1.909
3.740	1.797
3.750	1.899
3.750	1.797
3.750	1.899
3.750	1.797
3.750	1.895
3.755	1.797
3.755	1.890
3.765	1.782
3.760	1.890
3.770	1.777
3.765	1.885
3.770	1.777
3.770	1.880
3.775	1.768
3.775	1.875
3.784	1.763
3.779	1.865
3.789	1.758
3.789	1.860
3.794	1.748
3.789	1.856
3.799	1.743
3.799	1.841
3.799	1.738
3.804	1.841
3.809	1.729
3.809	1.836
3.809	1.724
3.809	1.821
3.814	1.714
3.818	1.816
3.823	1.704
3.828	1.807
3.828	1.699
3.828	1.797
3.833	1.685
3.833	1.792
3.838	1.680
3.838	1.777
3.843	1.670
3.843	1.777
3.848	1.660
3.848	1.768
3.853	1.655
3.853	1.758
3.858	1.650
3.858	1.748
3.862	1.641
3.867	1.738
3.867	1.641
3.867	1.729
3.872	1.621
3.872	1.729
3.877	1.611
3.877	1.719
3.887	1.606
3.882	1.704
3.892	1.592
3.887	1.699
3.897	1.592
3.892	1.685
3.897	1.582
3.897	1.680
3.906	1.572
3.906	1.670
3.911	1.567
3.911	1.660
3.911	1.553
3.911	1.655
3.921	1.543
3.916	1.641
3.921	1.538
3.926	1.636
3.926	1.523
3.926	1.626
3.936	1.514
3.936	1.611
3.941	1.509
3.945	1.606
3.945	1.494
3.945	1.602
3.950	1.489
3.950	1.582
3.955	1.484
3.950	1.577
3.960	1.465
3.955	1.563
3.965	1.460
3.965	1.553
3.970	1.440
3.965	1.543
3.975	1.436
3.975	1.528
3.984	1.426
3.984	1.523
3.984	1.411
3.984	1.509
3.989	1.406
3.989	1.494
3.994	1.392
3.994	1.489
3.999	1.377
4.004	1.475
4.009	1.372
4.004	1.465
4.009	1.357
4.014	1.455
4.019	1.348
4.014	1.440
4.024	1.338
4.024	1.431
4.024	1.328
4.028	1.421
4.033	1.314
4.033	1.406
4.033	1.299
4.033	1.397
4.043	1.284
4.043	1.382
4.048	1.279
4.048	1.367
4.053	1.260
4.048	1.362
4.063	1.250
4.053	1.343
4.063	1.240
4.063	1.328
4.068	1.226
4.068	1.318
4.072	1.211
4.072	1.304
4.077	1.201
4.077	1.294
4.082	1.182
4.082	1.279
4.087	1.177
4.087	1.265
4.092	1.162
4.092	1.255
4.102	1.147
4.102	1.235
4.102	1.133
4.102	1.221
4.107	1.118
4.107	1.211
4.111	1.104
4.111	1.191
4.116	1.094
4.116	1.182
4.121	1.074
4.121	1.167
4.126	1.060
4.126	1.152
4.131	1.045
4.131	1.138
4.141	1.030
4.141	1.123
4.141	1.016
4.146	1.108
4.146	1.001
4.146	1.094
4.155	0.986
4.151	1.079
4.160	0.972
4.160	1.064
4.160	0.957
4.160	1.055
4.170	0.947
4.170	1.035
4.175	0.933
4.175	1.025
4.180	0.913
4.180	1.011
4.185	0.903
4.180	0.996
4.185	0.894
4.190	0.986
4.194	0.879
4.194	0.977
4.199	0.879
4.199	0.962
4.204	0.859
4.204	0.957
4.209	0.859
4.209	0.942
4.219	0.845
4.214	0.938
4.219	0.840
4.219	0.938
4.224	0.835
4.224	0.928
4.229	0.830
4.229	0.928
4.234	0.825
4.234	0.923
4.238	0.830
4.238	0.923
4.243	0.830
4.243	0.928
4.248	0.830
4.248	0.928
4.258	0.835
4.258	0.933
4.258	0.840
4.258	0.938
4.268	0.840
4.268	0.942
4.273	0.859
4.268	0.952
4.277	0.859
4.273	0.962
4.277	0.869
4.277	0.967
4.287	0.879
4.287	0.981
4.287	0.884
4.297	0.991
4.297	0.898
4.297	0.996
4.302	0.908
4.302	1.016
4.307	0.918
4.307	1.016
4.312	0.938
4.312	1.025
4.312	0.938
4.317	1.040
4.321	0.947
4.321	1.045
4.326	0.957
4.326	1.055
4.336	0.962
4.336	1.069
4.336	0.977
4.336	1.074
4.341	0.986
4.341	1.094
4.346	0.986
4.346	1.094
4.351	1.001
4.346	1.104
4.356	1.016
4.356	1.113
4.360	1.016
4.360	1.118
4.365	1.025
4.375	1.128
4.375	1.030
4.375	1.138
4.375	1.040
4.375	1.143
4.380	1.050
4.380	1.152
4.385	1.055
4.385	1.167
4.395	1.069
4.395	1.167
4.395	1.079
4.395	1.182
4.400	1.084
4.400	1.191
4.404	1.099
4.404	1.201
4.414	1.113
4.414	1.216
4.419	1.118
4.414	1.231
4.419	1.138
4.424	1.240
4.429	1.152
4.424	1.260
4.434	1.162
4.434	1.274
4.439	1.187
4.439	1.289
4.443	1.201
4.439	1.309
4.448	1.216
4.448	1.328
4.453	1.245
4.453	1.348
4.458	1.260
4.458	1.372
4.463	1.279
4.463	1.392
4.468	1.309
4.468	1.416
4.473	1.328
4.473	1.445
4.478	1.353
4.478	1.460
4.483	1.377
4.483	1.489
4.492	1.397
4.492	1.514
4.492	1.426
4.492	1.533
4.497	1.450
4.497	1.563
4.502	1.465
4.502	1.587
4.507	1.504
4.507	1.606
4.512	1.523
4.512	1.641
4.517	1.543
4.517	1.665
4.522	1.572
4.522	1.685
4.531	1.597
4.527	1.719
4.531	1.621
4.531	1.738
4.536	1.650
4.541	1.758
4.541	1.670
4.541	1.787
4.551	1.699
4.551	1.807
4.551	1.724
4.551	1.836
4.556	1.748
4.561	1.875
4.566	1.777
4.570	1.890
4.570	1.802
4.570	1.919
4.575	1.826
4.570	1.948
4.580	1.856
4.580	1.968
4.585	1.880
4.585	1.997
4.590	1.899
4.585	2.031
4.595	1.934
4.595	2.051
4.600	1.958
4.600	2.080
4.610	1.987
4.610	2.109
4.610	2.022
4.610	2.134
4.614	2.051
4.614	2.168
4.619	2.070
4.619	2.197
4.624	2.109
4.624	2.227
4.629	2.134
4.629	2.256
4.639	2.158
4.634	2.285
4.639	2.197
4.639	2.315
4.649	2.222
4.649	2.349
4.649	2.251
4.649	2.383
4.658	2.290
4.653	2.407
4.663	2.319
4.663	2.446
4.668	2.349
4.668	2.481
4.668	2.383
4.673	2.505
4.673	2.422
4.678	2.544
4.683	2.446
4.678	2.573
4.688	2.485
4.688	2.603
4.688	2.520
4.688	2.647
4.697	2.549
4.697	2.676
4.702	2.588
4.697	2.705
4.707	2.612
4.707	2.749
4.712	2.647
4.707	2.778
4.717	2.691
4.712	2.813
4.722	2.720
4.717	2.852
4.727	2.754
4.727	2.881
4.732	2.793
4.732	2.915
4.736	2.827
4.736	2.954
4.741	2.857
4.741	2.988
4.746	2.900
4.746	3.023
4.751	2.930
4.746	3.066
4.756	2.969
4.756	3.096
4.766	3.008
4.766	3.130
4.766	3.047
4.766	3.174
4.776	3.076
4.771	3.208
4.776	3.125
4.776	3.247
4.776	3.154
4.780	3.286
4.785	3.193
4.785	3.325
4.790	3.233
4.790	3.359
4.795	3.272
4.795	3.403
4.805	3.306
4.805	3.442
4.805	3.350
4.805	3.477
4.810	3.389
4.810	3.521
4.819	3.423
4.815	3.560
4.824	3.467
4.824	3.594
4.824	3.516
4.824	3.638
4.834	3.545
4.834	3.682
4.839	3.589
4.834	3.716
4.844	3.628
4.844	3.760
4.844	3.672
4.849	3.804
4.854	3.711
4.854	3.838
4.859	3.750
4.854	3.887
4.863	3.789
4.863	3.931
4.868	3.833
4.868	3.970
4.873	3.882
4.873	4.014
4.883	3.916
4.883	4.063
4.883	3.965
4.883	4.092
4.888	4.009
4.888	4.141
4.893	4.048
4.893	4.185
4.898	4.092
4.898	4.224
4.902	4.141
4.902	4.268
4.907	4.175
4.907	4.317
4.912	4.219
4.912	4.356
4.922	4.268
4.922	4.400
4.922	4.312
4.922	4.448
4.927	4.356
4.927	4.492
4.932	4.404
4.932	4.531
4.937	4.443
4.937	4.580
4.946	4.487
4.942	4.629
4.946	4.536
4.951	4.668
4.951	4.585
4.951	4.717
4.961	4.619
4.961	4.766
4.966	4.668
4.966	4.805
4.971	4.717
4.966	4.854
4.976	4.766
4.976	4.902
4.976	4.810
4.981	4.942
4.986	4.859
4.986	5.000
4.990	4.902
4.990	5.044
5.000	4.946
5.000	5.083
5.000	5.000
5.000	5.137
5.005	5.039
5.005	5.186
5.010	5.088
5.005	5.230
5.015	5.147
5.010	5.278
5.020	5.186
5.020	5.332
5.025	5.235
5.025	5.376
5.029	5.283
5.029	5.420
5.034	5.332
5.034	5.474
5.039	5.376
5.039	5.523
5.049	5.430
5.044	5.567
5.049	5.479
5.049	5.625
5.054	5.523
5.054	5.669
5.059	5.576
5.059	5.708
5.069	5.625
5.069	5.762
5.069	5.669
5.078	5.811
5.078	5.723
5.078	5.860
5.078	5.777
5.078	5.908
5.083	5.816
5.083	5.957
5.088	5.869
5.093	6.001
5.098	5.923
5.098	6.055
5.103	5.967
5.103	6.113
5.108	6.021
5.103	6.153
5.108	6.074
5.108	6.201
5.117	6.118
5.117	6.255
5.122	6.172
5.122	6.304
5.122	6.221
5.127	6.353
5.132	6.270
5.132	6.406
5.137	6.328
5.137	6.455
5.142	6.367
5.142	6.504
5.147	6.421
5.147	6.563
5.156	6.465
5.147	6.607
5.156	6.524
5.156	6.655
5.166	6.568
5.156	6.719
5.166	6.621
5.166	6.758
5.171	6.675
5.171	6.807
5.176	6.719
5.176	6.861
5.181	6.768
5.181	6.914
5.186	6.826
5.186	6.958
5.195	6.875
5.195	7.017
5.200	6.924
5.195	7.061
5.205	6.978
5.200	7.110
5.205	7.031
5.205	7.168
5.215	7.075
5.210	7.217
5.215	7.129
5.215	7.261
5.225	7.188
5.220	7.315
5.230	7.227
5.230	7.373
5.235	7.276
5.235	7.417
5.235	7.329
5.239	7.466
5.244	7.373
5.244	7.520
5.244	7.432
5.249	7.569
5.254	7.481
5.254	7.617
5.259	7.525
5.254	7.666
5.259	7.578
5.259	7.715
5.264	7.627
5.264	7.764
5.274	7.671
5.274	7.813
5.278	7.720
5.278	7.857
5.283	7.769
5.283	7.901
5.288	7.813
5.283	7.954
5.293	7.857
5.293	7.993
5.298	7.901
5.298	8.037
5.303	7.935
5.303	8.086
5.313	7.984
5.308	8.125
5.313	8.028
5.313	8.159
5.318	8.062
5.318	8.203
5.322	8.096
5.322	8.238
5.327	8.140
5.327	8.272
5.332	8.174
5.332	8.311
5.337	8.203
5.337	8.345
5.342	8.242
5.342	8.369
5.347	8.267
5.352	8.408
5.352	8.291
5.352	8.438
5.357	8.330
5.357	8.457
5.361	8.360
5.361	8.491
5.371	8.379
5.366	8.516
5.371	8.408
5.371	8.535
5.376	8.438
5.376	8.565
5.386	8.448
5.381	8.594
5.391	8.482
5.391	8.614
5.396	8.506
5.391	8.643
5.401	8.526
5.396	8.667
5.405	8.560
5.401	8.692
5.410	8.584
5.410	8.721
5.415	8.604
5.415	8.750
5.420	8.633
5.420	8.765
5.420	8.662
5.430	8.794
5.430	8.687
5.430	8.819
5.435	8.716
5.435	8.838
5.440	8.741
5.440	8.867
5.445	8.765
5.445	8.907
5.449	8.789
5.449	8.916
5.454	8.819
5.454	8.946
5.459	8.838
5.459	8.970
5.469	8.863
5.464	8.990
5.469	8.887
5.469	9.014
5.479	8.907
5.469	9.038
5.484	8.926
5.479	9.053
5.484	8.950
5.484	9.068
5.488	8.965
5.488	9.092
5.493	8.985
5.493	9.107
5.498	9.004
5.498	9.121
5.503	9.019
5.508	9.141
5.513	9.029
5.508	9.151
5.513	9.048
5.513	9.165
5.518	9.063
5.518	9.180
5.528	9.073
5.528	9.190
5.528	9.082
5.532	9.199
5.537	9.092
5.537	9.219
5.537	9.097
5.542	9.219
5.547	9.107
5.547	9.219
5.547	9.112
5.547	9.229
5.552	9.112
5.552	9.239
5.562	9.121
5.562	9.239
5.567	9.121
5.567	9.243
5.571	9.121
5.567	9.243
5.576	9.141
5.576	9.239
5.581	9.141
5.586	9.248
5.586	9.131
5.586	9.258
5.591	9.141
5.591	9.253
5.596	9.141
5.596	9.258
5.596	9.141
5.601	9.258
5.606	9.146
5.606	9.258
5.611	9.151
5.611	9.268
5.615	9.146
5.615	9.268
5.625	9.160
5.625	9.268
5.625	9.160
5.625	9.273
5.630	9.156
5.630	9.278
5.635	9.165
5.635	9.278
5.640	9.165
5.640	9.283
5.645	9.165
5.645	9.283
5.650	9.170
5.650	9.283
5.654	9.175
5.654	9.283
5.664	9.165
5.664	9.283
5.664	9.175
5.664	9.278
5.669	9.175
5.669	9.283
5.674	9.165
5.674	9.283
5.679	9.165
5.684	9.278
5.684	9.170
5.684	9.273
5.694	9.160
5.694	9.273
5.703	9.160
5.694	9.268
5.703	9.151
5.703	9.258
5.703	9.146
5.703	9.258
5.713	9.141
5.708	9.243
5.713	9.141
5.718	9.243
5.723	9.126
5.723	9.239
5.728	9.121
5.723	9.229
5.733	9.116
5.728	9.219
5.737	9.102
5.733	9.219
5.742	9.092
5.742	9.204
5.747	9.092
5.747	9.190
5.752	9.077
5.747	9.185
5.752	9.063
5.757	9.170
5.762	9.063
5.762	9.156
5.767	9.048
5.767	9.151
5.772	9.033
5.772	9.141
5.772	9.029
5.781	9.121
5.781	9.009
5.781	9.116
5.786	8.999
5.786	9.102
5.791	8.990
5.791	9.087
5.801	8.975
5.796	9.082
5.801	8.965
5.801	9.063
5.806	8.950
5.806	9.048
5.811	8.931
5.811	9.043
5.820	8.916
5.816	9.024
5.825	8.907
5.820	9.004
5.825	8.887
5.825	8.994
5.830	8.867
5.830	8.975
5.840	8.863
5.840	8.960
5.840	8.843
5.840	8.946
5.850	8.828
5.845	8.926
5.850	8.814
5.850	8.907
5.860	8.794
5.860	8.897
5.860	8.775
5.860	8.877
5.869	8.765
5.869	8.858
5.874	8.750
5.869	8.848
5.879	8.726
5.879	8.833
5.884	8.716
5.884	8.814
5.884	8.711
5.884	8.809
5.889	8.692
5.899	8.794
5.899	8.682
5.899	8.780
5.904	8.672
5.899	8.775
5.908	8.657
5.904	8.770
5.913	8.653
5.913	8.755
5.918	8.653
5.918	8.755
5.923	8.638
5.923	8.750
5.928	8.638
5.928	8.750
5.938	8.643
5.938	8.750
5.938	8.638
5.938	8.750
5.943	8.633
5.943	8.750
5.947	8.643
5.947	8.750
5.952	8.643
5.952	8.750
5.957	8.643
5.957	8.755
5.962	8.653
5.962	8.755
5.967	8.653
5.967	8.770
5.977	8.657
5.977	8.770
5.977	8.672
5.977	8.765
5.982	8.662
5.982	8.775
5.987	8.672
5.987	8.775
5.996	8.672
5.991	8.770
5.996	8.672
5.996	8.780
6.001	8.672
6.001	8.780
6.006	8.672
6.006	8.780
6.016	8.672
6.016	8.775
6.016	8.662
6.016	8.770
6.021	8.672
6.021	8.770
6.026	8.662
6.026	8.770
6.030	8.653
6.035	8.760
6.035	8.653
6.040	8.750
6.040	8.648
6.045	8.755
6.050	8.643
6.045	8.750
6.055	8.643
6.055	8.741
6.055	8.633
6.055	8.741
6.065	8.628
6.060	8.736
6.070	8.628
6.065	8.726
6.074	8.618
6.074	8.731
6.079	8.618
6.074	8.731
6.084	8.618
6.084	8.721
6.084	8.618
6.089	8.726
6.094	8.614
6.094	8.721
6.099	8.618
6.099	8.731
6.104	8.623
6.104	8.731
6.109	8.628
6.109	8.741
6.113	8.638
6.113	8.741
6.118	8.643
6.118	8.755
6.123	8.653
6.123	8.770
6.133	8.672
6.128	8.780
6.133	8.682
6.133	8.794
6.143	8.697
6.138	8.819
6.143	8.716
6.148	8.828
6.148	8.736
6.148	8.848
6.153	8.750
6.153	8.872
6.157	8.770
6.157	8.887
6.162	8.794
6.167	8.907
6.172	8.814
6.172	8.931
6.177	8.833
6.172	8.955
6.177	8.858
6.177	8.970
6.187	8.877
6.187	8.994
6.192	8.897
6.187	9.014
6.192	8.921
6.192	9.038
6.201	8.941
6.196	9.063
6.211	8.960
6.201	9.082
6.211	8.985
6.211	9.102
6.211	9.004
6.216	9.121
6.221	9.019
6.216	9.141
6.221	9.043
6.221	9.156
6.231	9.068
6.231	9.180
6.236	9.082
6.236	9.204
6.240	9.107
6.240	9.219
6.250	9.131
6.250	9.248
6.250	9.151
6.250	9.273
6.255	9.175
6.255	9.292
6.260	9.199
6.260	9.317
6.265	9.219
6.265	9.341
6.270	9.243
6.270	9.366
6.275	9.278
6.275	9.390
6.279	9.297
6.279	9.424
6.289	9.326
6.279	9.449
6.289	9.361
6.289	9.473
6.294	9.385
6.294	9.512
6.299	9.409
6.299	9.536
6.304	9.453
6.304	9.571
6.309	9.483
6.309	9.605
6.314	9.517
6.314	9.639
6.319	9.551
6.319	9.668
6.323	9.585
6.328	9.712
6.328	9.619
6.328	9.746
6.333	9.663
6.333	9.781
6.338	9.698
6.338	9.825
6.348	9.732
6.343	9.864
6.353	9.785
6.348	9.903
6.358	9.820
6.353	9.947
6.362	9.859
6.358	9.991
6.367	9.912
6.367	9.995
6.367	9.951
6.372	9.995
6.372	9.991
6.372	9.995
6.377	9.995
6.377	9.995
6.387	9.995
6.382	9.995
6.392	9.995
6.392	9.995
6.392	9.995
6.392	9.995
6.397	9.995
6.406	9.995
6.406	9.995
6.402	9.995
6.411	9.995
6.411	9.995
6.416	9.995
6.416	9.995
6.421	9.995
6.421	9.995
6.426	9.995
6.426	9.995
6.431	9.995
6.431	9.995
6.436	9.995
6.436	9.995
6.446	9.995
6.441	9.995
6.446	9.995
6.446	9.995
6.450	9.995
6.450	9.995
6.455	9.995
6.450	9.995
6.460	9.995
6.460	9.995
6.465	9.995
6.465	9.995
6.470	9.995
6.470	9.995
6.475	9.995
6.475	9.995
6.485	9.995
6.485	9.995
6.489	9.995
6.485	9.995
6.494	9.995
6.489	9.995
6.494	9.995
6.494	9.995
6.504	9.995
6.499	9.995
6.504	9.995
6.504	9.995
6.509	9.995
6.509	9.995
6.514	9.995
6.514	9.995
6.519	9.995
6.524	9.995
6.524	9.995
6.524	9.995
6.533	9.995
6.529	9.995
6.538	9.995
6.538	9.995
6.538	9.995
6.543	9.995
6.543	9.995
6.543	9.995
6.553	9.995
6.553	9.995
6.558	9.995
6.553	9.995
6.563	9.995
6.563	9.995
6.568	9.995
6.568	9.995
6.568	9.995
6.568	9.995
6.572	9.995
6.572	9.995
6.582	9.995
6.582	9.995
6.582	9.995
6.582	9.995
6.592	9.995
6.592	9.995
6.597	9.995
6.602	9.995
6.602	9.995
6.602	9.995
6.607	9.995
6.607	9.995
6.612	9.995
6.612	9.995
6.616	9.995
6.616	9.995
6.621	9.995
6.621	9.995
6.626	9.995
6.626	9.995
6.631	9.995
6.631	9.995
6.636	9.995
6.631	9.995
6.641	9.995
6.641	9.995
6.646	9.995
6.641	9.995
6.651	9.995
6.651	9.995
6.660	9.995
6.655	9.995
6.660	9.995
6.660	9.995
6.665	9.995
6.665	9.995
6.670	9.995
6.670	9.995
6.675	9.995
6.680	9.995
6.685	9.995
6.680	9.995
6.685	9.995
6.685	9.995
6.690	9.995
6.690	9.995
6.699	9.995
6.699	9.995
6.699	9.995
6.699	9.995
6.709	9.995
6.704	9.995
6.709	9.995
6.709	9.995
6.719	9.995
6.719	9.995
6.724	9.995
6.724	9.995
6.724	9.995
6.724	9.995
6.734	9.995
6.729	9.995
6.738	9.995
6.738	9.995
6.743	9.995
6.738	9.995
6.748	9.995
6.748	9.995
6.748	9.995
6.748	9.995
6.758	9.995
6.758	9.995
6.763	9.995
6.758	9.995
6.768	9.995
6.768	9.995
6.768	9.995
6.773	9.995
6.778	9.995
6.778	9.995
6.782	9.995
6.782	9.995
6.787	9.995
6.787	9.995
6.792	9.995
6.797	9.995
6.797	9.995
6.797	9.995
6.802	9.995
6.802	9.995
6.807	9.995
6.807	9.995
6.812	9.995
6.807	9.995
6.812	9.995
6.817	9.995
6.821	9.995
6.821	9.995
6.826	9.995
6.821	9.995
6.831	9.995
6.831	9.995
6.836	9.995
6.836	9.995
6.841	9.995
6.841	9.995
6.846	9.995
6.846	9.995
6.851	9.995
6.851	9.995
6.856	9.995
6.856	9.995
6.861	9.995
6.861	9.995
6.875	9.995
6.875	9.995
6.875	9.995
6.875	9.995
6.875	9.995
6.875	9.995
6.880	9.995
6.880	9.995
6.885	9.995
6.885	9.995
6.895	9.995
6.895	9.995
6.895	9.995
6.895	9.995
6.905	9.995
6.900	9.995
6.905	9.995
6.905	9.995
6.914	9.995
6.914	9.995
6.914	9.995
6.914	9.995
6.919	9.995
6.919	9.995
6.924	9.995
6.924	9.995
6.929	9.995
6.929	9.995
6.934	9.995
6.939	9.995
6.944	9.995
6.939	9.995
6.944	9.995
6.944	9.995
6.953	9.995
6.953	9.995
6.953	9.995
6.953	9.995
6.963	9.995
6.963	9.995
6.963	9.995
6.963	9.995
6.973	9.995
6.968	9.995
6.978	9.995
6.973	9.995
6.983	9.995
6.983	9.995
6.983	9.995
6.983	9.995
6.992	9.995
6.992	9.995
6.997	9.995
6.992	9.995
7.002	9.995
7.002	9.995
7.007	9.995
7.007	9.995
7.012	9.995
7.012	9.995
7.017	9.995
7.012	9.995
7.022	9.995
7.017	9.995
7.022	9.995
7.027	9.995
7.031	9.995
7.031	9.995
7.036	9.995
7.031	9.995
7.041	9.995
7.041	9.995
7.046	9.995
7.046	9.995
7.051	9.995
7.051	9.995
7.056	9.995
7.056	9.995
7.061	9.995
7.061	9.995
7.071	9.995
7.071	9.995
7.071	9.995
7.071	9.995
7.075	9.995
7.075	9.995
7.080	9.995
7.080	9.995
7.085	9.995
7.085	9.995
7.090	9.995
7.090	9.995
7.095	9.995
7.095	9.995
7.100	9.995
7.105	9.995
7.110	9.995
7.110	9.995
7.114	9.995
7.110	9.995
7.119	9.995
7.119	9.995
7.119	9.995
7.119	9.995
7.129	9.995
7.129	9.995
7.134	9.995
7.129	9.995
7.134	9.995
7.139	9.995
7.144	9.995
7.139	9.995
7.149	9.995
7.149	9.995
7.149	9.995
7.149	9.995
7.158	9.995
7.158	9.995
7.158	9.995
7.163	9.995
7.168	9.995
7.163	9.995
7.173	9.995
7.173	9.995
7.178	9.995
7.178	9.995
7.183	9.995
7.178	9.995
7.188	9.995
7.188	9.995
7.193	9.995
7.188	9.995
7.197	9.995
7.193	9.995
7.202	9.995
7.202	9.995
7.207	9.995
7.207	9.995
7.212	9.995
7.207	9.995
7.217	9.995
7.217	9.995
7.222	9.995
7.222	9.995
7.227	9.995
7.227	9.995
7.232	9.995
7.232	9.995
7.237	9.995
7.237	9.995
7.241	9.995
7.241	9.995
7.246	9.995
7.246	9.995
7.251	9.995
