0.083	-0.020
0.088	0.020
0.088	-0.020
0.093	0.015
0.093	-0.020
0.098	0.010
0.098	-0.020
0.103	0.005
0.103	-0.024
0.107	0.010
0.107	-0.029
0.117	0.000
0.117	-0.024
0.122	0.005
0.122	-0.029
0.127	0.000
0.127	-0.029
0.132	0.000
0.127	-0.029
0.137	0.000
0.137	-0.029
0.142	0.000
0.142	-0.029
0.146	0.000
0.146	-0.029
0.146	0.000
0.151	-0.029
0.156	0.000
0.156	-0.034
0.161	0.000
0.161	-0.029
0.166	0.000
0.166	-0.029
0.171	0.000
0.171	-0.029
0.176	0.000
0.176	-0.029
0.186	0.000
0.186	-0.034
0.186	0.000
0.186	-0.029
0.195	0.000
0.195	-0.029
0.200	0.000
0.200	-0.029
0.205	0.000
0.200	-0.029
0.210	0.000
0.205	-0.034
0.215	0.000
0.215	-0.029
0.220	0.000
0.215	-0.034
0.225	0.000
0.225	-0.029
0.234	0.000
0.234	-0.029
0.234	0.000
0.234	-0.034
0.239	0.000
0.239	-0.029
0.244	0.000
0.244	-0.034
0.249	0.000
0.254	-0.029
0.254	0.000
0.254	-0.029
0.259	0.000
0.259	-0.034
0.264	0.000
0.264	-0.029
0.273	0.000
0.273	-0.034
0.273	0.000
0.273	-0.029
0.283	0.000
0.283	-0.034
0.283	0.000
0.288	-0.034
0.293	0.000
0.293	-0.029
0.298	0.000
0.298	-0.034
0.303	0.000
0.303	-0.029
0.313	0.000
0.303	-0.029
0.313	0.000
0.313	-0.029
0.317	0.000
0.313	-0.029
0.322	0.005
0.322	-0.029
0.327	0.000
0.327	-0.024
0.332	0.000
0.332	-0.029
0.332	0.005
0.337	-0.029
0.342	0.000
0.342	-0.029
0.352	0.000
0.352	-0.029
0.352	0.005
0.352	-0.024
0.356	0.000
0.356	-0.029
0.361	0.005
0.361	-0.024
0.366	0.000
0.366	-0.029
0.371	0.005
0.376	-0.029
0.376	0.000
0.376	-0.029
0.381	0.000
0.381	-0.029
0.391	0.000
0.391	-0.024
0.396	0.000
0.391	-0.029
0.396	0.005
0.396	-0.029
0.400	0.000
0.400	-0.024
0.410	0.005
0.410	-0.029
0.415	0.005
0.415	-0.029
0.420	0.005
0.420	-0.024
0.425	0.005
0.430	-0.024
0.430	0.000
0.430	-0.024
0.435	0.005
0.435	-0.029
0.439	0.005
0.439	-0.024
0.449	0.005
0.444	-0.029
0.449	0.005
0.449	-0.024
0.454	0.005
0.454	-0.024
0.459	0.010
0.459	-0.024
0.469	0.000
0.469	-0.024
0.469	0.005
0.469	-0.029
0.479	0.005
0.479	-0.020
0.483	0.005
0.483	-0.024
0.488	0.010
0.488	-0.024
0.493	0.005
0.493	-0.024
0.498	0.010
0.498	-0.029
0.508	0.005
0.508	-0.020
0.508	0.005
0.508	-0.024
0.513	0.010
0.513	-0.020
0.518	0.010
0.518	-0.024
0.527	0.010
0.522	-0.020
0.527	0.005
0.527	-0.024
0.537	0.010
0.532	-0.024
0.537	0.010
0.537	-0.020
0.547	0.005
0.547	-0.024
0.552	0.010
0.552	-0.020
0.557	0.005
0.557	-0.020
0.562	0.010
0.562	-0.024
0.566	0.010
0.566	-0.020
0.571	0.010
0.571	-0.024
0.576	0.010
0.576	-0.020
0.586	0.010
0.586	-0.024
0.586	0.015
0.586	-0.020
0.591	0.010
0.591	-0.020
0.596	0.010
0.596	-0.020
0.601	0.010
0.601	-0.020
0.605	0.010
0.605	-0.020
0.615	0.015
0.610	-0.020
0.625	0.010
0.625	-0.020
0.625	0.015
0.625	-0.020
0.625	0.010
0.625	-0.020
0.630	0.015
0.630	-0.024
0.635	0.015
0.635	-0.020
0.645	0.015
0.645	-0.020
0.649	0.015
0.645	-0.020
0.654	0.010
0.649	-0.020
0.659	0.015
0.654	-0.020
0.664	0.015
0.664	-0.020
0.669	0.020
0.669	-0.020
0.674	0.015
0.669	-0.020
0.679	0.015
0.679	-0.020
0.684	0.020
0.684	-0.020
0.688	0.010
0.688	-0.020
0.693	0.020
0.693	-0.020
0.698	0.015
0.703	-0.020
0.703	0.020
0.703	-0.020
0.708	0.020
0.708	-0.015
0.718	0.015
0.713	-0.020
0.718	0.020
0.723	-0.020
0.723	0.015
0.728	-0.020
0.732	0.020
0.728	-0.020
0.732	0.020
0.732	-0.015
0.742	0.020
0.742	-0.020
0.742	0.020
0.742	-0.015
0.752	0.015
0.747	-0.020
0.757	0.020
0.757	-0.015
0.762	0.020
0.762	-0.015
0.762	0.020
0.767	-0.020
0.772	0.020
0.772	-0.015
0.781	0.020
0.776	-0.020
0.781	0.020
0.781	-0.020
0.786	0.020
0.786	-0.015
0.791	0.020
0.791	-0.020
0.796	0.020
0.796	-0.015
0.806	0.020
0.801	-0.020
0.811	0.020
0.806	-0.015
0.815	0.020
0.811	-0.015
0.820	0.024
0.820	-0.015
0.825	0.020
0.820	-0.015
0.825	0.024
0.830	-0.015
0.835	0.024
0.830	-0.010
0.840	0.020
0.840	-0.020
0.845	0.024
0.840	-0.015
0.850	0.020
0.845	-0.015
0.850	0.024
0.850	-0.015
0.859	0.024
0.859	-0.015
0.864	0.024
0.864	-0.015
0.869	0.024
0.869	-0.010
0.874	0.024
0.874	-0.015
0.879	0.029
0.879	-0.010
0.884	0.020
0.884	-0.010
0.889	0.029
0.889	-0.015
0.898	0.024
0.898	-0.010
0.903	0.024
0.898	-0.015
0.903	0.029
0.908	-0.010
0.908	0.020
0.908	-0.010
0.918	0.029
0.913	-0.015
0.923	0.024
0.918	-0.010
0.928	0.029
0.928	-0.015
0.938	0.029
0.938	-0.010
0.938	0.024
0.938	-0.015
0.942	0.029
0.938	-0.015
0.947	0.024
0.947	-0.010
0.952	0.029
0.952	-0.015
0.957	0.024
0.957	-0.010
0.962	0.029
0.962	-0.015
0.962	0.029
0.967	-0.010
0.977	0.029
0.972	-0.010
0.977	0.034
0.977	-0.010
0.981	0.029
0.981	-0.010
0.986	0.034
0.986	-0.015
0.991	0.029
0.991	0.000
0.996	0.029
0.996	-0.010
1.001	0.034
1.001	-0.010
1.006	0.029
1.006	-0.010
1.016	0.034
1.016	-0.015
1.016	0.034
1.016	-0.010
1.021	0.029
1.021	-0.010
1.025	0.034
1.030	-0.010
1.035	0.029
1.035	-0.010
1.040	0.034
1.040	-0.010
1.045	0.034
1.045	0.000
1.055	0.034
1.055	-0.010
1.055	0.034
1.055	0.000
1.060	0.029
1.060	0.000
1.064	0.034
1.064	-0.010
1.069	0.034
1.069	0.000
1.074	0.034
1.074	-0.010
1.079	0.034
1.079	0.000
1.084	0.034
1.084	-0.010
1.094	0.039
1.094	0.000
1.094	0.034
1.094	0.000
1.099	0.039
1.099	-0.010
1.104	0.034
1.108	0.000
1.113	0.034
1.108	0.000
1.113	0.039
1.113	0.000
1.123	0.034
1.123	0.000
1.128	0.039
1.128	0.000
1.133	0.039
1.133	0.000
1.138	0.039
1.133	-0.010
1.143	0.039
1.143	0.000
1.147	0.034
1.143	0.000
1.152	0.039
1.152	0.000
1.152	0.039
1.157	0.000
1.162	0.039
1.162	0.000
1.172	0.039
1.172	0.000
1.172	0.034
1.172	0.000
1.177	0.044
1.177	0.000
1.182	0.039
1.182	0.000
1.187	0.039
1.187	0.000
1.191	0.044
1.191	0.000
1.196	0.039
1.196	0.000
1.201	0.044
1.201	0.000
1.211	0.039
1.211	0.000
1.211	0.044
1.211	0.000
1.216	0.044
1.216	0.000
1.226	0.039
1.221	0.000
1.231	0.049
1.231	0.000
1.235	0.044
1.235	0.000
1.240	0.044
1.240	0.000
1.250	0.044
1.250	0.000
1.250	0.044
1.250	0.000
1.250	0.049
1.255	0.000
1.260	0.044
1.260	0.000
1.265	0.049
1.265	0.000
1.270	0.049
1.270	0.000
1.274	0.044
1.274	0.000
1.279	0.049
1.279	0.000
1.289	0.049
1.289	0.000
1.289	0.044
1.289	0.000
1.294	0.049
1.294	0.000
1.299	0.044
1.299	0.000
1.309	0.054
1.304	0.000
1.309	0.049
1.309	0.000
1.318	0.049
1.318	0.000
1.318	0.049
1.328	0.000
1.328	0.049
1.328	0.000
1.328	0.054
1.328	0.000
1.333	0.049
1.333	0.005
1.338	0.049
1.343	0.000
1.348	0.049
1.348	0.005
1.353	0.049
1.348	0.000
1.357	0.054
1.357	0.000
1.357	0.049
1.357	0.005
1.367	0.054
1.367	0.000
1.372	0.054
1.372	0.005
1.377	0.049
1.377	0.000
1.382	0.059
1.382	0.005
1.387	0.049
1.387	0.005
1.392	0.054
1.392	0.000
1.397	0.054
1.397	0.010
1.406	0.054
1.406	0.005
1.411	0.059
1.411	0.005
1.416	0.049
1.411	0.005
1.421	0.059
1.416	0.005
1.426	0.054
1.426	0.010
1.426	0.054
1.426	0.010
1.436	0.059
1.431	0.005
1.440	0.054
1.440	0.005
1.445	0.059
1.445	0.005
1.450	0.059
1.445	0.010
1.455	0.054
1.455	0.005
1.460	0.059
1.460	0.005
1.465	0.054
1.465	0.005
1.470	0.059
1.470	0.005
1.475	0.059
1.475	0.010
1.484	0.059
1.484	0.005
1.484	0.059
1.484	0.010
1.489	0.059
1.489	0.005
1.494	0.063
1.494	0.005
1.499	0.059
1.499	0.010
1.509	0.059
1.504	0.005
1.509	0.063
1.514	0.010
1.519	0.059
1.514	0.010
1.523	0.063
1.523	0.005
1.528	0.063
1.528	0.010
1.533	0.063
1.528	0.010
1.538	0.063
1.533	0.010
1.543	0.059
1.543	0.010
1.543	0.068
1.543	0.010
1.553	0.063
1.548	0.015
1.553	0.068
1.563	0.010
1.563	0.063
1.563	0.015
1.567	0.063
1.563	0.010
1.572	0.068
1.572	0.015
1.577	0.063
1.577	0.010
1.582	0.068
1.582	0.010
1.587	0.068
1.582	0.020
1.592	0.068
1.592	0.010
1.602	0.068
1.602	0.015
1.602	0.063
1.602	0.020
1.606	0.078
1.611	0.015
1.611	0.068
1.611	0.020
1.621	0.068
1.616	0.010
1.626	0.078
1.621	0.020
1.631	0.068
1.626	0.015
1.631	0.078
1.641	0.015
1.641	0.078
1.641	0.020
1.646	0.078
1.646	0.015
1.650	0.078
1.650	0.020
1.655	0.078
1.650	0.015
1.660	0.078
1.660	0.020
1.665	0.078
1.665	0.020
1.670	0.078
1.670	0.015
1.675	0.078
1.680	0.020
1.680	0.078
1.680	0.020
1.685	0.078
1.685	0.020
1.690	0.078
1.690	0.020
1.694	0.078
1.694	0.020
1.699	0.078
1.699	0.020
1.709	0.078
1.704	0.020
1.709	0.083
1.709	0.020
1.719	0.078
1.714	0.020
1.719	0.083
1.719	0.020
1.724	0.078
1.729	0.024
1.733	0.078
1.729	0.020
1.738	0.083
1.738	0.020
1.743	0.078
1.743	0.020
1.748	0.083
1.748	0.024
1.758	0.078
1.753	0.024
1.758	0.083
1.758	0.020
1.763	0.083
1.763	0.024
1.768	0.083
1.768	0.020
1.768	0.083
1.773	0.024
1.777	0.083
1.777	0.024
1.782	0.088
1.782	0.024
1.787	0.083
1.787	0.029
1.797	0.088
1.797	0.020
1.797	0.088
1.797	0.029
1.802	0.083
1.802	0.024
1.807	0.088
1.807	0.024
1.816	0.083
1.812	0.029
1.816	0.088
1.816	0.024
1.821	0.088
1.821	0.029
1.831	0.088
1.826	0.029
1.836	0.093
1.836	0.029
1.836	0.088
1.841	0.029
1.841	0.093
1.846	0.029
1.846	0.093
1.846	0.029
1.856	0.093
1.856	0.029
1.860	0.093
1.860	0.029
1.865	0.088
1.865	0.029
1.875	0.098
1.875	0.029
1.875	0.088
1.875	0.029
1.880	0.098
1.880	0.029
1.885	0.093
1.885	0.034
1.890	0.098
1.890	0.029
1.895	0.098
1.895	0.029
1.899	0.093
1.899	0.034
1.904	0.098
1.904	0.029
1.914	0.098
1.914	0.039
1.914	0.098
1.914	0.029
1.919	0.098
1.919	0.039
1.924	0.098
1.924	0.034
1.929	0.098
1.929	0.034
1.934	0.098
1.934	0.039
1.939	0.103
1.943	0.029
1.943	0.098
1.943	0.039
1.953	0.098
1.953	0.039
1.958	0.103
1.958	0.039
1.963	0.098
1.963	0.039
1.968	0.103
1.963	0.034
1.973	0.103
1.973	0.039
1.978	0.098
1.978	0.039
1.982	0.103
1.982	0.039
1.992	0.098
1.992	0.039
1.992	0.107
1.992	0.039
1.997	0.103
1.992	0.039
2.002	0.103
2.002	0.039
2.007	0.103
2.012	0.039
2.012	0.103
2.012	0.039
2.017	0.107
2.017	0.039
2.022	0.103
2.022	0.039
2.031	0.107
2.031	0.039
2.031	0.103
2.031	0.039
2.041	0.103
2.036	0.039
2.041	0.107
2.041	0.039
2.051	0.103
2.051	0.039
2.056	0.107
2.056	0.039
2.061	0.107
2.056	0.039
2.070	0.107
2.061	0.039
2.070	0.107
2.070	0.039
2.075	0.103
2.075	0.039
2.080	0.107
2.080	0.039
2.085	0.107
2.085	0.044
2.090	0.107
2.090	0.039
2.090	0.112
2.095	0.044
2.100	0.107
2.100	0.044
2.109	0.112
2.109	0.039
2.109	0.107
2.109	0.044
2.114	0.107
2.114	0.039
2.119	0.107
2.119	0.044
2.124	0.107
2.124	0.039
2.129	0.112
2.129	0.039
2.134	0.107
2.134	0.044
2.139	0.107
2.139	0.039
2.149	0.112
2.149	0.044
2.153	0.112
2.149	0.044
2.153	0.112
2.158	0.044
2.158	0.112
2.158	0.044
2.168	0.112
2.168	0.044
2.168	0.112
2.168	0.049
2.178	0.107
2.178	0.044
2.188	0.117
2.188	0.044
2.188	0.112
2.188	0.049
2.192	0.112
2.192	0.039
2.197	0.112
2.197	0.049
2.202	0.112
2.197	0.044
2.207	0.112
2.207	0.044
2.212	0.112
2.207	0.044
2.217	0.112
2.217	0.044
2.222	0.112
2.227	0.049
2.227	0.112
2.227	0.049
2.232	0.117
2.232	0.044
2.236	0.112
2.236	0.049
2.241	0.117
2.241	0.044
2.246	0.117
2.246	0.049
2.251	0.112
2.251	0.049
2.261	0.117
2.256	0.049
2.266	0.112
2.266	0.049
2.271	0.117
2.271	0.044
2.275	0.117
2.271	0.054
2.280	0.117
2.275	0.049
2.285	0.122
2.285	0.044
2.285	0.117
2.290	0.049
2.295	0.117
2.295	0.049
2.300	0.117
2.305	0.049
2.305	0.117
2.305	0.049
2.310	0.122
2.310	0.049
2.315	0.117
2.315	0.049
2.319	0.117
2.319	0.049
2.324	0.122
2.324	0.054
2.329	0.117
2.329	0.049
2.334	0.122
2.334	0.049
2.344	0.117
2.344	0.054
2.344	0.117
2.344	0.049
2.349	0.117
2.349	0.054
2.354	0.117
2.354	0.049
2.358	0.122
2.358	0.049
2.363	0.117
2.363	0.054
2.373	0.122
2.373	0.049
2.378	0.122
2.383	0.059
2.383	0.117
2.383	0.049
2.388	0.127
2.388	0.049
2.393	0.117
2.393	0.054
2.398	0.122
2.398	0.049
2.402	0.122
2.402	0.059
2.407	0.117
2.407	0.054
2.412	0.122
2.412	0.049
2.417	0.122
2.422	0.059
2.422	0.122
2.422	0.049
2.427	0.122
2.427	0.054
2.432	0.117
2.432	0.059
2.437	0.127
2.437	0.049
2.441	0.122
2.441	0.059
2.451	0.122
2.446	0.049
2.451	0.122
2.451	0.059
2.461	0.117
2.461	0.054
2.461	0.122
2.461	0.049
2.466	0.122
2.471	0.059
2.476	0.122
2.471	0.054
2.476	0.127
2.481	0.059
2.481	0.122
2.481	0.059
2.485	0.127
2.485	0.054
2.500	0.127
2.490	0.059
2.500	0.122
2.500	0.059
2.500	0.127
2.505	0.059
2.510	0.122
2.505	0.059
2.510	0.127
2.515	0.054
2.520	0.127
2.520	0.059
2.524	0.127
2.524	0.059
2.529	0.132
2.529	0.059
2.534	0.127
2.539	0.059
2.539	0.132
2.539	0.059
2.544	0.132
2.544	0.063
2.549	0.127
2.549	0.063
2.554	0.137
2.559	0.063
2.559	0.137
2.559	0.068
2.564	0.137
2.564	0.063
2.568	0.142
2.573	0.068
2.578	0.137
2.578	0.068
2.583	0.146
2.578	0.068
2.583	0.146
2.583	0.078
2.588	0.146
2.588	0.073
2.598	0.156
2.598	0.078
2.603	0.151
2.598	0.083
2.608	0.156
2.608	0.078
2.612	0.161
2.612	0.088
2.617	0.161
2.617	0.088
2.617	0.166
2.622	0.088
2.627	0.166
2.622	0.098
2.627	0.176
2.632	0.093
2.637	0.176
2.637	0.098
2.642	0.176
2.642	0.103
2.647	0.186
2.647	0.098
2.656	0.186
2.647	0.107
2.656	0.186
2.656	0.107
2.656	0.195
2.661	0.107
2.666	0.190
2.666	0.117
2.676	0.200
2.671	0.117
2.676	0.205
2.676	0.122
2.681	0.205
2.681	0.122
2.686	0.210
2.686	0.122
2.695	0.215
2.695	0.132
2.700	0.215
2.695	0.132
2.705	0.220
2.700	0.137
2.710	0.220
2.705	0.142
2.715	0.234
2.715	0.137
2.720	0.234
2.715	0.156
2.725	0.234
2.725	0.156
2.730	0.244
2.734	0.156
2.734	0.244
2.734	0.161
2.739	0.249
2.739	0.161
2.744	0.254
2.744	0.171
2.749	0.254
2.749	0.176
2.754	0.264
2.754	0.176
2.759	0.269
2.759	0.181
2.764	0.273
2.764	0.186
2.774	0.278
2.774	0.195
2.774	0.283
2.774	0.195
2.783	0.288
2.778	0.195
2.783	0.293
2.783	0.210
2.788	0.298
2.788	0.215
2.793	0.313
2.793	0.215
2.798	0.313
2.798	0.225
2.803	0.313
2.803	0.225
2.813	0.322
2.813	0.234
2.817	0.322
2.813	0.244
2.822	0.332
2.817	0.244
2.822	0.342
2.822	0.254
2.832	0.347
2.832	0.259
2.832	0.352
2.832	0.264
2.837	0.356
2.842	0.273
2.847	0.361
2.842	0.273
2.852	0.371
2.852	0.283
2.857	0.376
2.857	0.288
2.861	0.391
2.861	0.293
2.861	0.391
2.866	0.303
2.871	0.396
2.871	0.313
2.876	0.410
2.871	0.313
2.881	0.410
2.881	0.322
2.886	0.415
2.891	0.327
2.891	0.425
2.891	0.332
2.896	0.430
2.891	0.342
2.900	0.439
2.900	0.352
2.905	0.449
2.905	0.356
2.910	0.449
2.910	0.366
2.915	0.459
2.920	0.366
2.920	0.469
2.920	0.381
2.930	0.474
2.930	0.386
2.930	0.488
2.930	0.391
2.935	0.488
2.935	0.400
2.944	0.498
2.940	0.410
2.949	0.508
2.949	0.415
2.954	0.513
2.954	0.425
2.959	0.518
2.959	0.430
2.969	0.532
2.964	0.439
2.969	0.537
2.969	0.449
2.974	0.547
2.974	0.454
2.979	0.557
2.979	0.469
2.983	0.557
2.983	0.474
2.988	0.576
2.988	0.479
2.993	0.576
2.993	0.493
2.998	0.586
2.998	0.498
3.008	0.601
3.008	0.508
3.008	0.605
3.008	0.518
3.013	0.615
3.013	0.518
3.018	0.625
3.018	0.532
3.027	0.630
3.023	0.542
3.032	0.645
3.027	0.547
3.032	0.649
3.032	0.562
3.037	0.659
3.037	0.566
3.047	0.669
3.047	0.576
3.047	0.674
3.047	0.591
3.052	0.684
3.052	0.596
3.057	0.703
3.057	0.605
3.066	0.703
3.062	0.615
3.071	0.718
3.066	0.625
3.071	0.728
3.071	0.635
3.081	0.732
3.076	0.645
3.086	0.747
3.086	0.654
3.091	0.762
3.086	0.669
3.096	0.762
3.096	0.674
3.101	0.781
3.101	0.684
3.106	0.791
3.106	0.693
3.110	0.796
3.110	0.703
3.115	0.811
3.115	0.713
3.125	0.820
3.125	0.728
3.125	0.830
3.125	0.742
3.130	0.845
3.130	0.747
3.135	0.850
3.135	0.762
3.140	0.864
3.140	0.772
3.145	0.879
3.145	0.781
3.150	0.884
3.150	0.796
3.154	0.894
3.154	0.801
3.159	0.908
3.164	0.820
3.169	0.918
3.164	0.830
3.169	0.938
3.169	0.840
3.174	0.942
3.174	0.855
3.179	0.957
3.179	0.864
3.184	0.967
3.184	0.874
3.189	0.977
3.193	0.889
3.198	0.991
3.193	0.898
3.203	1.006
3.203	0.908
3.203	1.016
3.203	0.928
3.213	1.030
3.208	0.938
3.218	1.045
3.218	0.947
3.223	1.050
3.223	0.962
3.228	1.064
3.228	0.972
3.233	1.079
3.233	0.986
3.242	1.089
3.242	1.001
3.242	1.104
3.242	1.006
3.247	1.118
3.247	1.025
3.252	1.128
3.252	1.040
3.257	1.143
3.262	1.055
3.262	1.157
3.262	1.069
3.272	1.172
3.267	1.074
3.272	1.187
3.272	1.094
3.281	1.196
3.281	1.108
3.281	1.206
3.281	1.118
3.286	1.226
3.291	1.133
3.291	1.235
3.291	1.152
3.301	1.250
3.301	1.157
3.301	1.270
3.301	1.177
3.306	1.274
3.306	1.191
3.316	1.294
3.311	1.196
3.320	1.309
3.320	1.216
3.325	1.318
3.325	1.231
3.330	1.338
3.330	1.240
3.335	1.348
3.335	1.260
3.340	1.362
3.340	1.270
3.345	1.382
3.345	1.289
3.350	1.392
3.350	1.304
3.359	1.406
3.359	1.314
3.359	1.426
3.359	1.333
3.369	1.431
3.364	1.348
3.369	1.450
3.369	1.357
3.374	1.465
3.379	1.377
3.379	1.484
3.379	1.392
3.384	1.499
3.384	1.406
3.389	1.514
3.389	1.426
3.399	1.523
3.399	1.436
3.399	1.543
3.399	1.450
3.408	1.558
3.408	1.465
3.408	1.572
3.408	1.475
3.418	1.587
3.413	1.494
3.418	1.597
3.418	1.514
3.428	1.616
3.428	1.523
3.428	1.631
3.428	1.543
3.438	1.646
3.438	1.558
3.438	1.660
3.442	1.567
3.442	1.680
3.442	1.587
3.447	1.690
3.447	1.602
3.452	1.709
3.457	1.611
3.462	1.724
3.457	1.631
3.467	1.738
3.467	1.646
3.467	1.753
3.477	1.660
3.477	1.768
3.477	1.680
3.482	1.782
3.482	1.690
3.486	1.802
3.486	1.719
3.491	1.816
3.496	1.724
3.496	1.831
3.496	1.738
3.506	1.846
3.501	1.758
3.506	1.856
3.506	1.768
3.516	1.880
3.516	1.782
3.516	1.890
3.516	1.797
3.521	1.904
3.521	1.816
3.525	1.924
3.525	1.821
3.535	1.934
3.530	1.841
3.535	1.953
3.540	1.851
3.540	1.963
3.545	1.865
3.545	1.973
3.545	1.880
3.555	1.987
3.555	1.890
3.555	1.997
3.555	1.899
3.560	2.007
3.565	1.914
3.565	2.022
3.569	1.919
3.574	2.026
3.569	1.934
3.579	2.036
3.574	1.939
3.579	2.051
3.584	1.943
3.594	2.051
3.584	1.953
3.594	2.056
3.594	1.953
3.594	2.065
3.594	1.963
3.604	2.061
3.604	1.968
3.609	2.070
3.609	1.968
3.613	2.075
3.613	1.973
3.618	2.075
3.618	1.973
3.623	2.080
3.623	1.973
3.633	2.075
3.633	1.978
3.633	2.080
3.633	1.973
3.638	2.080
3.638	1.978
3.648	2.075
3.643	1.978
3.648	2.080
3.648	1.973
3.652	2.080
3.652	1.982
3.662	2.080
3.657	1.982
3.662	2.085
3.662	1.978
3.672	2.080
3.672	1.982
3.672	2.080
3.677	1.982
3.682	2.085
3.677	1.982
3.682	2.080
3.687	1.987
3.692	2.090
3.692	1.982
3.692	2.090
3.692	1.987
3.701	2.085
3.696	1.987
3.701	2.090
3.706	1.982
3.711	2.090
3.711	1.987
3.716	2.080
3.716	1.982
3.721	2.090
3.721	1.978
3.726	2.080
3.726	1.982
3.731	2.080
3.731	1.978
3.735	2.080
3.735	1.973
3.740	2.070
3.740	1.973
3.750	2.070
3.750	1.963
3.750	2.065
3.750	1.968
3.755	2.061
3.755	1.958
3.760	2.061
3.760	1.953
3.765	2.051
3.765	1.953
3.770	2.041
3.770	1.943
3.775	2.041
3.775	1.934
3.779	2.031
3.779	1.934
3.789	2.022
3.789	1.919
3.789	2.017
3.789	1.914
3.794	2.007
3.794	1.909
3.799	2.002
3.799	1.895
3.809	1.992
3.809	1.895
3.814	1.982
3.809	1.880
3.818	1.973
3.818	1.875
3.823	1.963
3.823	1.865
3.828	1.953
3.828	1.851
3.828	1.953
3.833	1.841
3.833	1.934
3.833	1.836
3.843	1.924
3.838	1.821
3.848	1.914
3.848	1.816
3.853	1.899
3.853	1.802
3.858	1.899
3.858	1.792
3.858	1.885
3.858	1.787
3.867	1.875
3.867	1.777
3.872	1.875
3.872	1.763
3.877	1.856
3.877	1.763
3.882	1.846
3.882	1.748
3.887	1.836
3.887	1.738
3.892	1.826
3.892	1.729
3.901	1.816
3.897	1.719
3.906	1.807
3.906	1.719
3.911	1.797
3.906	1.699
3.911	1.797
3.911	1.685
3.916	1.777
3.916	1.680
3.926	1.763
3.921	1.670
3.926	1.758
3.926	1.650
3.931	1.743
3.931	1.650
3.941	1.733
3.936	1.636
3.945	1.724
3.945	1.621
3.945	1.709
3.950	1.616
3.955	1.699
3.955	1.602
3.960	1.690
3.960	1.587
3.965	1.670
3.965	1.582
3.970	1.665
3.970	1.563
3.975	1.650
3.975	1.558
3.980	1.641
3.984	1.543
3.984	1.631
3.984	1.523
3.989	1.616
3.989	1.523
3.994	1.602
3.994	1.504
3.999	1.592
3.999	1.494
4.004	1.572
4.004	1.484
4.004	1.563
4.009	1.465
4.014	1.553
4.014	1.455
4.019	1.533
4.019	1.445
4.024	1.528
4.024	1.426
4.028	1.519
4.028	1.416
4.033	1.494
4.033	1.406
4.043	1.489
4.043	1.387
4.043	1.475
4.048	1.377
4.048	1.455
4.048	1.367
4.053	1.450
4.053	1.348
4.063	1.431
4.063	1.338
4.068	1.416
4.063	1.323
4.068	1.406
4.068	1.309
4.072	1.387
4.072	1.294
4.082	1.377
4.082	1.279
4.082	1.362
4.082	1.265
4.087	1.348
4.092	1.250
4.092	1.333
4.097	1.231
4.102	1.318
4.102	1.221
4.102	1.299
4.102	1.211
4.111	1.284
4.111	1.191
4.111	1.270
4.116	1.177
4.121	1.250
4.121	1.157
4.126	1.240
4.126	1.138
4.131	1.221
4.131	1.133
4.141	1.201
4.141	1.113
4.141	1.191
4.141	1.094
4.146	1.172
4.146	1.079
4.151	1.157
4.151	1.060
4.155	1.143
4.160	1.045
4.160	1.123
4.160	1.035
4.170	1.113
4.165	1.016
4.170	1.094
4.170	1.001
4.180	1.079
4.180	0.986
4.180	1.069
4.180	0.977
4.185	1.055
4.185	0.967
4.194	1.040
4.190	0.947
4.194	1.035
4.199	0.938
4.199	1.016
4.199	0.928
4.209	1.016
4.204	0.918
4.209	1.001
4.209	0.908
4.219	0.986
4.219	0.903
4.224	0.986
4.224	0.898
4.229	0.981
4.229	0.898
4.229	0.977
4.234	0.898
4.238	0.977
4.238	0.889
4.243	0.977
4.243	0.898
4.248	0.977
4.248	0.898
4.253	0.986
4.258	0.898
4.258	0.986
4.258	0.908
4.263	0.996
4.258	0.913
4.263	1.006
4.268	0.918
4.268	1.016
4.268	0.938
4.277	1.021
4.277	0.938
4.282	1.035
4.282	0.952
4.287	1.035
4.287	0.962
4.297	1.050
4.297	0.967
4.297	1.064
4.297	0.981
4.302	1.074
4.302	0.996
4.307	1.084
4.307	1.001
4.317	1.094
4.312	1.016
4.317	1.104
4.321	1.021
4.321	1.118
4.321	1.030
4.326	1.123
4.326	1.045
4.336	1.133
4.336	1.055
4.336	1.147
4.341	1.060
4.346	1.152
4.341	1.074
4.351	1.157
4.346	1.079
4.356	1.172
4.356	1.094
4.360	1.177
4.356	1.099
4.365	1.187
4.365	1.104
4.375	1.196
4.375	1.113
4.375	1.201
4.375	1.123
4.375	1.216
4.375	1.133
4.385	1.221
4.385	1.143
4.390	1.231
4.390	1.152
4.390	1.250
4.395	1.157
4.400	1.255
4.395	1.177
4.404	1.260
4.404	1.182
4.409	1.279
4.409	1.191
4.414	1.289
4.414	1.211
4.419	1.299
4.419	1.226
4.424	1.328
4.424	1.240
4.429	1.333
4.429	1.260
4.434	1.353
4.434	1.274
4.439	1.377
4.439	1.294
4.443	1.387
4.443	1.314
4.453	1.411
4.453	1.333
4.453	1.436
4.453	1.357
4.458	1.455
4.458	1.377
4.463	1.484
4.468	1.406
4.468	1.504
4.468	1.431
4.473	1.523
4.478	1.455
4.478	1.563
4.478	1.475
4.487	1.582
4.487	1.509
4.492	1.602
4.492	1.528
4.497	1.641
4.497	1.558
4.502	1.660
4.497	1.587
4.507	1.685
4.502	1.606
4.507	1.719
4.512	1.636
4.517	1.738
4.512	1.665
4.522	1.763
4.522	1.690
4.522	1.797
4.527	1.719
4.531	1.816
4.531	1.743
4.536	1.846
4.531	1.768
4.541	1.875
4.541	1.797
4.546	1.895
4.546	1.826
4.551	1.924
4.551	1.846
4.556	1.953
4.561	1.875
4.561	1.978
4.561	1.904
4.570	2.007
4.570	1.924
4.570	2.036
4.570	1.958
4.575	2.061
4.575	1.987
4.580	2.090
4.580	2.012
4.585	2.119
4.585	2.041
4.590	2.144
4.590	2.070
4.595	2.178
4.595	2.095
4.605	2.207
4.610	2.129
4.610	2.236
4.610	2.163
4.610	2.271
4.610	2.188
4.614	2.300
4.614	2.222
4.624	2.324
4.619	2.251
4.629	2.363
4.629	2.275
4.629	2.393
4.634	2.315
4.639	2.422
4.634	2.349
4.644	2.461
4.649	2.373
4.649	2.490
4.649	2.412
4.653	2.520
4.653	2.441
4.658	2.559
4.658	2.476
4.663	2.588
4.658	2.510
4.668	2.622
4.668	2.544
4.673	2.656
4.673	2.578
4.678	2.691
4.673	2.617
4.688	2.725
4.688	2.656
4.688	2.769
4.688	2.681
4.693	2.798
4.688	2.725
4.697	2.832
4.697	2.754
4.702	2.871
4.702	2.793
4.707	2.905
4.702	2.832
4.712	2.940
4.712	2.861
4.717	2.979
4.717	2.896
4.727	3.013
4.727	2.940
4.727	3.052
4.727	2.974
4.732	3.091
4.732	3.008
4.736	3.125
4.736	3.052
4.746	3.164
4.746	3.086
4.746	3.203
4.746	3.125
4.756	3.237
4.751	3.164
4.756	3.281
4.756	3.198
4.766	3.320
4.766	3.237
4.766	3.359
4.766	3.281
4.771	3.399
4.771	3.320
4.776	3.438
4.780	3.359
4.780	3.472
4.780	3.399
4.785	3.516
4.785	3.438
4.790	3.560
4.790	3.477
4.795	3.594
4.795	3.521
4.805	3.638
4.805	3.555
4.805	3.682
4.810	3.604
4.815	3.721
4.815	3.643
4.819	3.765
4.819	3.682
4.824	3.809
4.824	3.731
4.829	3.848
4.829	3.770
4.834	3.892
4.834	3.809
4.844	3.936
4.839	3.853
4.844	3.970
4.844	3.906
4.849	4.019
4.849	3.936
4.854	4.063
4.854	3.984
4.863	4.102
4.859	4.033
4.863	4.151
4.863	4.068
4.873	4.194
4.868	4.116
4.873	4.238
4.873	4.160
4.883	4.287
4.883	4.199
4.883	4.326
4.883	4.253
4.888	4.375
4.888	4.297
4.893	4.424
4.893	4.341
4.898	4.463
4.898	4.385
4.902	4.507
4.902	4.434
4.907	4.561
4.907	4.473
4.912	4.610
4.912	4.531
4.922	4.644
4.922	4.570
4.922	4.697
4.922	4.614
4.927	4.741
4.927	4.663
4.932	4.785
4.932	4.707
4.942	4.834
4.942	4.751
4.946	4.883
4.942	4.805
4.951	4.927
4.946	4.849
4.951	4.981
4.951	4.898
4.961	5.025
4.961	4.951
4.966	5.078
4.966	5.000
4.971	5.122
4.971	5.044
4.971	5.171
4.976	5.093
4.981	5.215
4.981	5.137
4.986	5.269
4.986	5.186
5.000	5.313
4.990	5.239
5.000	5.366
5.000	5.283
5.000	5.415
5.000	5.332
5.005	5.464
5.005	5.386
5.010	5.513
5.010	5.435
5.020	5.567
5.015	5.484
5.020	5.611
5.020	5.537
5.025	5.664
5.025	5.586
5.029	5.713
5.029	5.635
5.039	5.762
5.039	5.684
5.039	5.811
5.039	5.733
5.049	5.864
5.049	5.786
5.049	5.913
5.049	5.840
5.059	5.962
5.059	5.889
5.059	6.021
5.064	5.938
5.069	6.070
5.069	5.991
5.073	6.118
5.069	6.040
5.078	6.172
5.078	6.099
5.083	6.221
5.078	6.148
5.088	6.275
5.088	6.192
5.088	6.328
5.088	6.250
5.098	6.377
5.098	6.299
5.103	6.431
5.103	6.348
5.103	6.485
5.103	6.406
5.112	6.533
5.112	6.455
5.117	6.587
5.117	6.504
5.122	6.641
5.122	6.563
5.122	6.690
5.127	6.612
5.127	6.748
5.132	6.660
5.137	6.797
5.137	6.719
5.142	6.846
5.142	6.768
5.147	6.905
5.147	6.817
5.156	6.953
5.156	6.875
5.156	7.002
5.156	6.934
5.166	7.061
5.161	6.978
5.166	7.110
5.166	7.031
5.171	7.158
5.171	7.085
5.176	7.217
5.176	7.134
5.181	7.271
5.181	7.193
5.186	7.320
5.186	7.241
5.195	7.378
5.195	7.290
5.195	7.432
5.195	7.354
5.205	7.476
5.200	7.403
5.205	7.534
5.210	7.447
5.215	7.588
5.210	7.510
5.220	7.637
5.215	7.559
5.220	7.696
5.225	7.608
5.225	7.744
5.225	7.666
5.235	7.798
5.235	7.715
5.235	7.852
5.235	7.774
5.244	7.901
5.239	7.823
5.244	7.954
5.244	7.876
5.254	8.008
5.254	7.920
5.254	8.057
5.254	7.979
5.264	8.106
5.264	8.028
5.269	8.159
5.274	8.076
5.274	8.203
5.274	8.125
5.278	8.257
5.278	8.169
5.283	8.306
5.283	8.223
5.288	8.360
5.288	8.272
5.293	8.399
5.293	8.311
5.298	8.448
5.293	8.360
5.303	8.487
5.303	8.404
5.313	8.535
5.313	8.448
5.313	8.579
5.313	8.487
5.318	8.614
5.318	8.526
5.322	8.653
5.322	8.560
5.327	8.697
5.327	8.604
5.332	8.731
5.332	8.643
5.337	8.770
5.337	8.672
5.342	8.799
5.342	8.711
5.352	8.828
5.352	8.741
5.352	8.863
5.352	8.760
5.357	8.892
5.357	8.799
5.361	8.916
5.361	8.828
5.371	8.946
5.371	8.848
5.376	8.985
5.371	8.877
5.381	8.994
5.381	8.907
5.386	9.029
5.386	8.926
5.391	9.053
5.391	8.955
5.396	9.073
5.391	8.980
5.401	9.102
5.396	9.004
5.401	9.131
5.405	9.033
5.410	9.151
5.405	9.063
5.410	9.180
5.410	9.082
5.415	9.214
5.415	9.116
5.420	9.234
5.420	9.141
5.430	9.268
5.430	9.165
5.430	9.297
5.435	9.195
5.440	9.317
5.440	9.224
5.440	9.346
5.445	9.243
5.449	9.366
5.449	9.278
5.454	9.395
5.454	9.297
5.459	9.424
5.459	9.317
5.469	9.444
5.469	9.346
5.469	9.463
5.469	9.366
5.474	9.488
5.474	9.385
5.479	9.512
5.479	9.414
5.484	9.532
5.484	9.429
5.488	9.551
5.488	9.449
5.493	9.566
5.488	9.468
5.498	9.585
5.498	9.483
5.508	9.610
5.508	9.497
5.508	9.619
5.508	9.517
5.513	9.629
5.513	9.532
5.518	9.644
5.523	9.536
5.528	9.654
5.523	9.551
5.532	9.668
5.528	9.561
5.532	9.683
5.537	9.571
5.537	9.688
5.547	9.580
5.547	9.693
5.547	9.585
5.552	9.698
5.547	9.590
5.552	9.698
5.557	9.600
5.557	9.702
5.557	9.595
5.562	9.712
5.567	9.605
5.571	9.712
5.567	9.610
5.576	9.717
5.576	9.610
5.576	9.722
5.586	9.605
5.586	9.722
5.586	9.615
5.591	9.717
5.586	9.615
5.596	9.727
5.596	9.619
5.596	9.732
5.596	9.619
5.606	9.727
5.606	9.624
5.611	9.737
5.611	9.624
5.615	9.737
5.625	9.629
5.625	9.737
5.625	9.629
5.625	9.746
5.625	9.634
5.630	9.746
5.630	9.639
5.635	9.746
5.635	9.639
5.640	9.751
5.640	9.639
5.650	9.751
5.645	9.649
5.650	9.751
5.654	9.639
5.654	9.756
5.654	9.649
5.664	9.751
5.659	9.649
5.664	9.751
5.664	9.644
5.669	9.756
5.669	9.639
5.674	9.756
5.674	9.649
5.679	9.746
5.679	9.639
5.684	9.751
5.684	9.634
5.689	9.746
5.689	9.634
5.694	9.737
5.694	9.624
5.703	9.732
5.703	9.619
5.703	9.727
5.703	9.615
5.708	9.717
5.708	9.610
5.713	9.717
5.713	9.600
5.718	9.707
5.718	9.595
5.723	9.698
5.723	9.585
5.728	9.688
5.733	9.571
5.733	9.688
5.733	9.571
5.742	9.673
5.742	9.561
5.742	9.668
5.742	9.546
5.747	9.654
5.747	9.546
5.757	9.639
5.757	9.532
5.762	9.634
5.762	9.512
5.762	9.624
5.767	9.502
5.772	9.610
5.772	9.492
5.781	9.600
5.781	9.478
5.781	9.585
5.781	9.468
5.786	9.566
5.786	9.458
5.791	9.561
5.791	9.439
5.796	9.546
5.796	9.434
5.801	9.527
5.801	9.419
5.811	9.517
5.806	9.395
5.811	9.507
5.811	9.380
5.820	9.483
5.820	9.375
5.820	9.473
5.820	9.351
5.830	9.458
5.825	9.336
5.830	9.439
5.830	9.326
5.840	9.419
5.840	9.302
5.840	9.409
5.840	9.287
5.850	9.390
5.845	9.278
5.850	9.375
5.850	9.258
5.860	9.356
5.860	9.239
5.860	9.336
5.860	9.224
5.864	9.322
5.864	9.204
5.869	9.312
5.869	9.190
5.879	9.297
5.879	9.180
5.884	9.278
5.879	9.160
5.889	9.268
5.889	9.146
5.894	9.253
5.899	9.136
5.899	9.239
5.899	9.126
5.904	9.234
5.904	9.112
5.908	9.219
5.908	9.112
5.913	9.209
5.913	9.102
5.918	9.209
5.918	9.087
5.923	9.204
5.918	9.092
5.928	9.199
5.928	9.092
5.938	9.199
5.933	9.082
5.938	9.204
5.938	9.087
5.943	9.199
5.943	9.092
5.947	9.199
5.947	9.092
5.952	9.209
5.947	9.092
5.952	9.209
5.957	9.107
5.962	9.209
5.962	9.102
5.967	9.219
5.967	9.107
5.972	9.224
5.972	9.116
5.977	9.224
5.977	9.121
5.982	9.234
5.982	9.116
5.987	9.234
5.987	9.121
5.996	9.229
5.991	9.121
5.996	9.239
5.996	9.121
6.001	9.239
6.001	9.126
6.011	9.234
6.006	9.126
6.016	9.239
6.016	9.121
6.016	9.239
6.016	9.121
6.021	9.229
6.021	9.121
6.030	9.224
6.026	9.112
6.035	9.224
6.030	9.107
6.040	9.219
6.035	9.112
6.045	9.209
6.040	9.102
6.050	9.214
6.045	9.102
6.055	9.209
6.055	9.097
6.055	9.199
6.055	9.092
6.065	9.199
6.065	9.082
6.065	9.199
6.065	9.082
6.074	9.185
6.070	9.082
6.074	9.185
6.074	9.073
6.079	9.190
6.084	9.073
6.084	9.185
6.094	9.082
6.094	9.185
6.094	9.077
6.099	9.195
6.099	9.077
6.104	9.195
6.099	9.092
6.109	9.199
6.109	9.092
6.113	9.214
6.113	9.102
6.113	9.219
6.113	9.112
6.123	9.229
6.118	9.126
6.133	9.248
6.128	9.141
6.133	9.258
6.133	9.156
6.138	9.278
6.138	9.180
6.143	9.297
6.143	9.199
6.148	9.317
6.148	9.219
6.153	9.336
6.153	9.239
6.157	9.356
6.157	9.258
6.162	9.385
6.162	9.278
6.172	9.405
6.167	9.307
6.172	9.424
6.172	9.326
6.177	9.453
6.177	9.351
6.182	9.473
6.182	9.375
6.192	9.492
6.187	9.395
6.196	9.517
6.192	9.414
6.196	9.536
6.201	9.439
6.201	9.561
6.201	9.463
6.211	9.580
6.211	9.478
6.211	9.610
6.211	9.497
6.221	9.629
6.216	9.532
6.221	9.644
6.221	9.551
6.226	9.673
6.226	9.571
6.236	9.693
6.231	9.590
6.240	9.717
6.236	9.619
6.250	9.737
6.250	9.639
6.250	9.771
6.250	9.663
6.250	9.790
6.250	9.693
6.260	9.810
6.255	9.717
6.265	9.844
6.265	9.742
6.270	9.873
6.270	9.771
6.275	9.893
6.270	9.805
6.279	9.927
6.279	9.825
6.284	9.956
6.279	9.854
6.289	9.986
6.289	9.893
6.294	9.995
6.289	9.922
6.299	9.995
6.299	9.951
6.299	9.995
6.304	9.991
6.309	9.995
6.309	9.995
6.314	9.995
6.309	9.995
6.319	9.995
6.319	9.995
6.328	9.995
6.328	9.995
6.328	9.995
6.328	9.995
6.333	9.995
6.333	9.995
6.338	9.995
6.343	9.995
6.343	9.995
6.343	9.995
6.348	9.995
6.348	9.995
6.353	9.995
6.353	9.995
6.358	9.995
6.358	9.995
6.358	9.995
6.367	9.995
6.367	9.995
6.367	9.995
6.372	9.995
6.372	9.995
6.377	9.995
6.377	9.995
6.382	9.995
6.382	9.995
6.387	9.995
6.392	9.995
6.397	9.995
6.392	9.995
6.397	9.995
6.397	9.995
6.406	9.995
6.402	9.995
6.406	9.995
6.406	9.995
6.416	9.995
6.416	9.995
6.416	9.995
6.416	9.995
6.426	9.995
6.421	9.995
6.426	9.995
6.426	9.995
6.431	9.995
6.436	9.995
6.436	9.995
6.436	9.995
6.446	9.995
6.446	9.995
6.450	9.995
6.446	9.995
6.450	9.995
6.450	9.995
6.460	9.995
6.455	9.995
6.465	9.995
6.460	9.995
6.465	9.995
6.470	9.995
6.470	9.995
6.475	9.995
6.480	9.995
6.485	9.995
6.485	9.995
6.485	9.995
6.485	9.995
6.485	9.995
6.494	9.995
6.494	9.995
6.499	9.995
6.494	9.995
6.504	9.995
6.504	9.995
6.509	9.995
6.509	9.995
6.514	9.995
6.514	9.995
6.519	9.995
6.524	9.995
6.524	9.995
6.524	9.995
6.529	9.995
6.529	9.995
6.533	9.995
6.533	9.995
6.538	9.995
6.538	9.995
6.543	9.995
6.538	9.995
6.543	9.995
6.548	9.995
6.553	9.995
6.553	9.995
6.563	9.995
6.563	9.995
6.563	9.995
6.563	9.995
6.568	9.995
6.568	9.995
6.572	9.995
6.572	9.995
6.577	9.995
6.582	9.995
6.582	9.995
6.582	9.995
6.587	9.995
6.587	9.995
6.592	9.995
6.592	9.995
6.602	9.995
6.602	9.995
6.602	9.995
6.602	9.995
6.607	9.995
6.607	9.995
6.612	9.995
6.612	9.995
6.621	9.995
6.616	9.995
6.621	9.995
6.621	9.995
6.626	9.995
6.631	9.995
6.631	9.995
6.631	9.995
6.641	9.995
6.641	9.995
6.641	9.995
6.641	9.995
6.646	9.995
6.646	9.995
6.651	9.995
6.651	9.995
6.655	9.995
6.660	9.995
6.660	9.995
6.660	9.995
6.670	9.995
6.665	9.995
6.675	9.995
6.675	9.995
6.680	9.995
6.680	9.995
6.685	9.995
6.685	9.995
6.690	9.995
6.690	9.995
6.695	9.995
6.695	9.995
6.699	9.995
6.695	9.995
6.699	9.995
6.704	9.995
6.709	9.995
6.709	9.995
6.719	9.995
6.714	9.995
6.719	9.995
6.719	9.995
6.724	9.995
6.724	9.995
6.729	9.995
6.729	9.995
6.734	9.995
6.729	9.995
6.738	9.995
6.738	9.995
6.743	9.995
6.743	9.995
6.748	9.995
6.743	9.995
6.758	9.995
6.758	9.995
6.758	9.995
6.758	9.995
6.768	9.995
6.763	9.995
6.773	9.995
6.768	9.995
6.773	9.995
6.773	9.995
6.778	9.995
6.778	9.995
6.782	9.995
6.782	9.995
6.787	9.995
6.797	9.995
6.792	9.995
6.797	9.995
6.797	9.995
6.797	9.995
6.807	9.995
6.802	9.995
6.807	9.995
6.812	9.995
6.817	9.995
6.812	9.995
6.817	9.995
6.817	9.995
6.826	9.995
6.821	9.995
6.826	9.995
6.826	9.995
6.836	9.995
6.836	9.995
6.836	9.995
6.836	9.995
6.841	9.995
6.846	9.995
6.846	9.995
6.846	9.995
6.856	9.995
6.856	9.995
6.856	9.995
6.861	9.995
6.865	9.995
6.861	9.995
6.875	9.995
6.875	9.995
6.875	9.995
6.875	9.995
6.880	9.995
6.875	9.995
6.885	9.995
6.880	9.995
6.890	9.995
6.885	9.995
6.895	9.995
6.890	9.995
6.895	9.995
6.900	9.995
6.905	9.995
6.905	9.995
6.905	9.995
7.661	9.995
0.000	9.995
-0.010	9.995
0.000	9.995
-0.010	9.995
0.000	9.995
0.000	9.995
0.000	9.995
-0.010	9.995
0.000	9.995
-0.010	9.995
0.000	9.995
-0.010	9.995
-0.010	9.995
-0.010	9.995
-0.010	9.995
-0.010	9.995
-0.005	2.441
-0.010	0.498
0.000	0.039
-0.010	-0.049
-0.010	-0.054
-0.010	-0.063
-0.005	-0.059
-0.010	-0.068
-0.005	-0.054
-0.010	-0.068
0.000	-0.059
-0.010	-0.063
0.000	-0.059
-0.010	-0.063
0.000	-0.059
-0.010	-0.068
0.000	-0.054
-0.010	-0.068
-0.010	-0.059
-0.010	-0.063
-0.005	-0.059
-0.010	-0.068
0.000	-0.059
-0.010	-0.063
-0.005	-0.059
0.000	-0.063
0.000	-0.059
-0.010	-0.063
-0.005	-0.054
-0.010	-0.068
0.000	-0.054
-0.010	-0.063
0.000	-0.059
-0.010	-0.063
0.000	-0.054
-0.010	-0.068
0.000	-0.054
-0.010	-0.063
-0.010	-0.054
-0.010	-0.059
-0.005	-0.054
-0.010	-0.068
-0.010	-0.054
-0.010	-0.063
-0.010	-0.054
-0.010	-0.059
-0.010	-0.059
-0.010	-0.063
-0.005	-0.054
-0.010	-0.063
-0.005	-0.054
-0.010	-0.063
-0.005	-0.054
-0.010	-0.063
0.000	-0.049
-0.010	-0.063
0.000	-0.049
-0.010	-0.059
-0.010	-0.054
-0.010	-0.059
0.000	-0.054
-0.010	-0.059
-0.010	-0.049
-0.010	-0.059
-0.010	-0.049
-0.010	-0.059
0.000	-0.049
-0.010	-0.063
0.000	-0.049
-0.010	-0.063
0.000	-0.049
-0.010	-0.059
0.000	-0.054
-0.010	-0.059
0.000	-0.049
-0.010	-0.063
0.000	-0.049
-0.010	-0.059
0.000	-0.049
-0.010	-0.059
0.000	-0.049
-0.010	-0.063
0.000	-0.049
-0.010	-0.059
0.000	-0.049
-0.010	-0.059
